         360
   gj         fig        sg         vg         ssv        ssv1       ttv        ttp        vg1        xp         yp         sg1        cp
   0.000000   1.233443   2.000000   0.800000  -0.904258  -0.895762  -0.077362  -0.077459   0.806826   0.000000   0.000000   1.751260   0.349032
   0.017453   1.233369   1.999669   0.800127  -0.905422  -0.898686  -0.063768  -0.082326   0.805535  -0.000092   0.000007   1.751168   0.351114
   0.034907   1.233146   1.999237   0.800293  -0.906459  -0.901446  -0.049982  -0.087385   0.804316  -0.000367   0.000031   1.750892   0.353076
   0.052360   1.232775   1.998693   0.800503  -0.907365  -0.904034  -0.036201  -0.092440   0.803174  -0.000827   0.000072   1.750430   0.354911
   0.069813   1.232255   1.998023   0.800762  -0.908132  -0.906443  -0.022179  -0.097735   0.802115  -0.001472   0.000134   1.749782   0.356611
   0.087266   1.231586   1.997216   0.801074  -0.908756  -0.908668  -0.008173  -0.103014   0.801143  -0.002303   0.000218   1.748947   0.358169
   0.104720   1.230767   1.996259   0.801444  -0.909228  -0.910702   0.006082  -0.108543   0.800264  -0.003320   0.000326   1.747924   0.359577
   0.122173   1.229798   1.995139   0.801879  -0.909545  -0.912537   0.020309  -0.114044   0.799483  -0.004523   0.000460   1.746713   0.360827
   0.139626   1.228680   1.993845   0.802383  -0.909698  -0.914168   0.034790  -0.119797   0.798805  -0.005913   0.000624   1.745314   0.361911
   0.157080   1.227412   1.992365   0.802962  -0.909683  -0.915587   0.049226  -0.125507   0.798235  -0.007489   0.000818   1.743726   0.362821
   0.174533   1.225994   1.990685   0.803621  -0.909491  -0.916787   0.063914  -0.131468   0.797779  -0.009251   0.001046   1.741949   0.363548
   0.191986   1.224427   1.988797   0.804365  -0.909118  -0.917762   0.078536  -0.137363   0.797442  -0.011199   0.001309   1.739984   0.364086
   0.209440   1.222710   1.986705   0.805194  -0.908564  -0.918513   0.093401  -0.143501   0.797222  -0.013331   0.001611   1.737830   0.364436
   0.226893   1.220843   1.984398   0.806112  -0.907823  -0.919033   0.108183  -0.149557   0.797126  -0.015648   0.001953   1.735489   0.364589
   0.244346   1.218827   1.981865   0.807127  -0.906888  -0.919314   0.123202  -0.155849   0.797160  -0.018148   0.002338   1.732959   0.364536
   0.261799   1.216661   1.979104   0.808240  -0.905757  -0.919354   0.138089  -0.162010   0.797325  -0.020829   0.002768   1.730243   0.364274
   0.279253   1.214347   1.976229   0.809407  -0.904485  -0.919208   0.153184  -0.168378   0.797578  -0.023692   0.003245   1.727341   0.363870
   0.296706   1.211884   1.973221   0.810638  -0.903060  -0.918863   0.168192  -0.174659   0.797928  -0.026734   0.003772   1.724254   0.363311
   0.314159   1.209273   1.970009   0.811963  -0.901446  -0.918284   0.183453  -0.181194   0.798405  -0.029954   0.004351   1.720982   0.362550
   0.331613   1.206514   1.966605   0.813378  -0.899647  -0.917473   0.198585  -0.187599   0.799006  -0.033350   0.004984   1.717527   0.361589
   0.349066   1.203607   1.963046   0.814871  -0.897678  -0.916447   0.213959  -0.194247   0.799720  -0.036920   0.005675   1.713891   0.360448
   0.366519   1.200554   1.959297   0.816459  -0.895522  -0.915185   0.229208  -0.200769   0.800561  -0.040662   0.006423   1.710075   0.359102
   0.383972   1.197354   1.955382   0.818133  -0.893186  -0.913698   0.244694  -0.207529   0.801523  -0.044574   0.007233   1.706080   0.357560
   0.401426   1.194008   1.951302   0.819898  -0.890670  -0.911982   0.260046  -0.214154   0.802609  -0.048653   0.008107   1.701909   0.355819
   0.418879   1.190517   1.947043   0.821759  -0.887963  -0.910028   0.275644  -0.221025   0.803825  -0.052897   0.009045   1.697562   0.353865
   0.436332   1.186881   1.942629   0.823711  -0.885075  -0.907845   0.291090  -0.227744   0.805167  -0.057303   0.010051   1.693043   0.351706
   0.453786   1.183101   1.938042   0.825764  -0.881994  -0.905421   0.306791  -0.234719   0.806643  -0.061868   0.011125   1.688353   0.349327
   0.471239   1.179178   1.933301   0.827914  -0.878726  -0.902762   0.322326  -0.241528   0.808251  -0.066589   0.012272   1.683495   0.346731
   0.488692   1.175113   1.928395   0.830167  -0.875263  -0.899860   0.338125  -0.248599   0.809997  -0.071463   0.013491   1.678470   0.343905
   0.506145   1.170907   1.923337   0.832524  -0.871606  -0.896715   0.353745  -0.255493   0.811880  -0.076487   0.014784   1.673283   0.340851
   0.523599   1.166559   1.918121   0.834989  -0.867751  -0.893323   0.369635  -0.262656   0.813907  -0.081656   0.016154   1.667935   0.337556
   0.541052   1.162072   1.912758   0.837562  -0.863698  -0.889685   0.385334  -0.269628   0.816077  -0.086968   0.017602   1.662429   0.334018
   0.558505   1.157446   1.907241   0.840250  -0.859441  -0.885793   0.401310  -0.276878   0.818397  -0.092419   0.019130   1.656769   0.330226
   0.575959   1.152683   1.901584   0.843054  -0.854980  -0.881648   0.417082  -0.283924   0.820868  -0.098003   0.020739   1.650957   0.326175
   0.593412   1.147783   1.895780   0.845978  -0.850309  -0.877244   0.433141  -0.291255   0.823496  -0.103719   0.022429   1.644997   0.321855
   0.610865   1.142747   1.889838   0.849026  -0.845428  -0.872581   0.448981  -0.298369   0.826282  -0.109560   0.024203   1.638892   0.317258
   0.628319   1.137576   1.883760   0.852201  -0.840332  -0.867653   0.465117  -0.305778   0.829233  -0.115524   0.026061   1.632646   0.312373
   0.645772   1.132273   1.877548   0.855508  -0.835017  -0.862458   0.481021  -0.312955   0.832352  -0.121604   0.028005   1.626262   0.307191
   0.663225   1.126837   1.871208   0.858951  -0.829481  -0.856991   0.497229  -0.320437   0.835643  -0.127798   0.030035   1.619744   0.301700
   0.680678   1.121270   1.864740   0.862535  -0.823718  -0.851248   0.513192  -0.327673   0.839114  -0.134100   0.032152   1.613097   0.295888
   0.698132   1.115574   1.858150   0.866266  -0.817725  -0.845226   0.529470  -0.335225   0.842767  -0.140505   0.034356   1.606323   0.289743
   0.715585   1.109750   1.851442   0.870148  -0.811497  -0.838919   0.545486  -0.342514   0.846611  -0.147008   0.036648   1.599428   0.283250
   0.733038   1.103799   1.844618   0.874187  -0.805030  -0.832324   0.561830  -0.350131   0.850650  -0.153604   0.039029   1.592415   0.276394
   0.750492   1.097722   1.837683   0.878390  -0.798318  -0.825434   0.577894  -0.357469   0.854892  -0.160289   0.041498   1.585289   0.269160
   0.767945   1.091521   1.830642   0.882764  -0.791356  -0.818245   0.594300  -0.365149   0.859344  -0.167056   0.044055   1.578054   0.261528
   0.785398   1.085198   1.823498   0.887315  -0.784138  -0.810751   0.610409  -0.372530   0.864013  -0.173901   0.046701   1.570716   0.253482
   0.802851   1.078754   1.816254   0.892051  -0.776659  -0.802946   0.626874  -0.380268   0.868907  -0.180818   0.049435   1.563279   0.245001
   0.820305   1.072190   1.808916   0.896980  -0.768911  -0.794823   0.643022  -0.387690   0.874036  -0.187801   0.052256   1.555747   0.236061
   0.837758   1.065509   1.801489   0.902113  -0.760887  -0.786376   0.659542  -0.395484   0.879409  -0.194845   0.055165   1.548126   0.226639
   0.855211   1.058711   1.793976   0.907456  -0.752580  -0.777597   0.675723  -0.402938   0.885037  -0.201944   0.058160   1.540421   0.216710
   0.872665   1.051799   1.786381   0.913022  -0.743983  -0.768479   0.692296  -0.410784   0.890929  -0.209093   0.061240   1.532637   0.206246
   0.890118   1.044774   1.778711   0.918821  -0.735087  -0.759012   0.708507  -0.418268   0.897099  -0.216286   0.064405   1.524779   0.195214
   0.907571   1.037638   1.770971   0.924867  -0.725880  -0.749188   0.725129  -0.426164   0.903560  -0.223516   0.067653   1.516852   0.183579
   0.925025   1.030393   1.763163   0.931171  -0.716356  -0.738997   0.741361  -0.433669   0.910325  -0.230778   0.070983   1.508863   0.171309
   0.942478   1.023040   1.755294   0.937747  -0.706504  -0.728431   0.758028  -0.441610   0.917409  -0.238065   0.074393   1.500817   0.158361
   0.959931   1.015581   1.747369   0.944611  -0.696311  -0.717476   0.774277  -0.449132   0.924829  -0.245373   0.077881   1.492720   0.144692
   0.977384   1.008019   1.739393   0.951782  -0.685764  -0.706119   0.790988  -0.457116   0.932604  -0.252694   0.081446   1.484577   0.130249
   0.994838   1.000355   1.731373   0.959278  -0.674849  -0.694348   0.807244  -0.464646   0.940755  -0.260023   0.085085   1.476394   0.114980
   1.012291   0.992591   1.723312   0.967118  -0.663555  -0.682150   0.823989  -0.472664   0.949300  -0.267353   0.088796   1.468178   0.098829
   1.029744   0.984728   1.715216   0.975322  -0.651865  -0.669509   0.840243  -0.480192   0.958264  -0.274679   0.092577   1.459934   0.081729
   1.047198   0.976770   1.707091   0.983918  -0.639762  -0.656409   0.857022  -0.488243   0.967674  -0.281993   0.096424   1.451670   0.063607
   1.064651   0.968718   1.698945   0.992934  -0.627224  -0.642828   0.873265  -0.495760   0.977560  -0.289291   0.100335   1.443390   0.044376
   1.082104   0.960573   1.690781   1.002400  -0.614231  -0.628745   0.890067  -0.503836   0.987956  -0.296565   0.104307   1.435103   0.023944
   1.099557   0.952339   1.682607   1.012349  -0.600762  -0.614142   0.906276  -0.511318   0.998894  -0.303809   0.108336   1.426814   0.002212
   1.117011   0.944017   1.674429   1.022813  -0.586796  -0.598996   0.923089  -0.519404   1.010410  -0.311016   0.112419   1.418530  -0.020927
   1.134464   0.935610   1.666252   1.033837  -0.572302  -0.583278   0.939251  -0.526839   1.022552  -0.318182   0.116551   1.410258  -0.045612
   1.151917   0.927119   1.658084   1.045472  -0.557248  -0.566955   0.956067  -0.534929   1.035372  -0.325298   0.120729   1.402006  -0.071996
   1.169371   0.918546   1.649933   1.057772  -0.541596  -0.549991   0.972153  -0.542288   1.048930  -0.332360   0.124949   1.393780  -0.100255
   1.186824   0.909895   1.641804   1.070797  -0.525311  -0.532349   0.988942  -0.550351   1.063288  -0.339360   0.129205   1.385587  -0.130581
   1.204277   0.901167   1.633704   1.084606  -0.508357  -0.513995   1.004897  -0.557579   1.078509  -0.346292   0.133493   1.377436  -0.163181
   1.221730   0.892364   1.625641   1.099279  -0.490686  -0.494881   1.021631  -0.565587   1.094678  -0.353150   0.137808   1.369334  -0.198319
   1.239184   0.883489   1.617623   1.114911  -0.472239  -0.474949   1.037413  -0.572642   1.111893  -0.359927   0.142143   1.361289  -0.236307
   1.256637   0.874543   1.609660   1.131616  -0.452942  -0.454125   1.054057  -0.580559   1.130278  -0.366616   0.146494   1.353309  -0.277529
   1.274090   0.865530   1.601757   1.149522  -0.432724  -0.432338   1.069558  -0.587334   1.149965  -0.373212   0.150852   1.345403  -0.322420
   1.291544   0.856452   1.593924   1.168741  -0.411526  -0.409531   1.085995  -0.595044   1.171075  -0.379708   0.155212   1.337580  -0.371417
   1.308997   0.847311   1.586170   1.189444  -0.389253  -0.385608   1.101073  -0.601396   1.193787  -0.386097   0.159567   1.329848  -0.425128
   1.326450   0.838109   1.578504   1.211854  -0.365774  -0.360440   1.117241  -0.608837   1.218336  -0.392373   0.163908   1.322217  -0.484342
   1.343904   0.828849   1.570939   1.236279  -0.340906  -0.333843   1.131685  -0.614554   1.245043  -0.398529   0.168227   1.314697  -0.550131
   1.361357   0.819533   1.563483   1.262936  -0.314560  -0.305728   1.147264  -0.621407   1.274139  -0.404558   0.172513   1.307299  -0.623431
   1.378810   0.810164   1.556146   1.292145  -0.286579  -0.275940   1.160593  -0.626009   1.305965  -0.410455   0.176756   1.300035  -0.705545
   1.396263   0.800743   1.548944   1.324454  -0.256664  -0.244181   1.175383  -0.632072   1.341091  -0.416211   0.180944   1.292916  -0.798526
   1.413717   0.791275   1.541892   1.360713  -0.224333  -0.209968   1.186922  -0.634884   1.380400  -0.421821   0.185066   1.285955  -0.905505
   1.431170   0.781760   1.534998   1.401247  -0.189551  -0.173268   1.199813  -0.639049   1.424251  -0.427277   0.189103   1.279168  -1.028491
   1.448623   0.772202   1.528282   1.447032  -0.151866  -0.133628   1.207964  -0.638473   1.473665  -0.432575   0.193039   1.272569  -1.171688
   1.466077   0.762603   1.521773   1.500752  -0.109773  -0.089545   1.218270  -0.640052   1.531418  -0.437704   0.196852   1.266177  -1.345241
   1.483530   0.752965   1.515442   1.563374  -0.063143  -0.040890   1.217624  -0.630680   1.598554  -0.442665   0.200513   1.260012  -1.555374
   1.500983   0.743292   1.509432   1.636214  -0.011745   0.012567   1.223755  -0.628084   1.676482  -0.447442   0.204006   1.254093  -1.810591
   1.518436   0.733585   1.503733   1.756706   0.065281   0.091687   1.195332  -0.590934   1.803711  -0.452019   0.207209   1.248507  -2.253372
   1.535890   0.723848   1.498247   1.800000   0.095711   0.124242   1.133135  -0.520010   1.852096  -0.456516   0.210016   1.243206  -2.430260
   1.553343   0.714082   1.492826   1.800000   0.101908   0.132598   1.098362  -0.476511   1.856098  -0.461142   0.212517   1.237947  -2.445101
   1.570796   0.704290   1.487384   1.800000   0.108220   0.141100   1.072216  -0.441639   1.860168  -0.465869   0.214848   1.232677  -2.460225
   1.588250   0.694476   1.481933   1.800000   0.114649   0.149750   1.054324  -0.415020   1.864304  -0.470663   0.217037   1.227407  -2.475631
   1.605703   0.684641   1.476469   1.800000   0.121196   0.158549   1.037173  -0.389142   1.868507  -0.475513   0.219098   1.222137  -2.491318
   1.623156   0.674787   1.470996   1.800000   0.127864   0.167498   1.024636  -0.367878   1.872775  -0.480407   0.221043   1.216870  -2.507285
   1.640609   0.664919   1.465513   1.800000   0.134652   0.176597   1.011874  -0.346390   1.877106  -0.485339   0.222883   1.211607  -2.523528
   1.658063   0.655038   1.460024   1.800000   0.141564   0.185847   1.002224  -0.328014   1.881502  -0.490300   0.224622   1.206349  -2.540048
   1.675516   0.645147   1.454529   1.800000   0.148600   0.195250   0.992098  -0.309160   1.885959  -0.495287   0.226266   1.201098  -2.556841
   1.692969   0.635248   1.449029   1.800000   0.155763   0.204806   0.984274  -0.292609   1.890478  -0.500294   0.227819   1.195856  -2.573906
   1.710423   0.625345   1.443527   1.800000   0.163055   0.214517   0.975892  -0.275502   1.895057  -0.505317   0.229286   1.190624  -2.591241
   1.727876   0.615439   1.438024   1.800000   0.170476   0.224383   0.969311  -0.260193   1.899696  -0.510351   0.230667   1.185403  -2.608843
   1.745329   0.605533   1.432521   1.800000   0.178030   0.234406   0.962149  -0.244305   1.904392  -0.515394   0.231967   1.180195  -2.626711
   1.762783   0.595631   1.427020   1.800000   0.185718   0.244588   0.956444  -0.229873   1.909147  -0.520443   0.233186   1.175002  -2.644841
   1.780236   0.585734   1.421522   1.800000   0.193543   0.254929   0.950158  -0.214860   1.913957  -0.525493   0.234328   1.169824  -2.663231
   1.797689   0.575845   1.416027   1.800000   0.201505   0.265430   0.945079  -0.201055   1.918822  -0.530542   0.235393   1.164664  -2.681879
   1.815142   0.565967   1.410540   1.800000   0.209609   0.276094   0.939425  -0.186674   1.923742  -0.535587   0.236384   1.159523  -2.700782
   1.832596   0.556102   1.405059   1.800000   0.217856   0.286922   0.934790  -0.173312   1.928714  -0.540625   0.237300   1.154402  -2.719937
   1.850049   0.546253   1.399588   1.800000   0.226247   0.297916   0.929588  -0.159384   1.933738  -0.545654   0.238145   1.149302  -2.739342
   1.867502   0.536423   1.394127   1.800000   0.234787   0.309076   0.925255  -0.146325   1.938812  -0.550672   0.238918   1.144225  -2.758992
   1.884956   0.526615   1.388677   1.800000   0.243477   0.320405   0.920365  -0.132708   1.943935  -0.555675   0.239620   1.139173  -2.778885
   1.902409   0.516829   1.383241   1.800000   0.252320   0.331905   0.916222  -0.119838   1.949107  -0.560662   0.240253   1.134146  -2.799017
   1.919862   0.507071   1.377819   1.800000   0.261319   0.343577   0.911529  -0.106418   1.954325  -0.565630   0.240818   1.129146  -2.819385
   1.937315   0.497341   1.372414   1.800000   0.270477   0.355424   0.907479  -0.093642   1.959588  -0.570577   0.241314   1.124174  -2.839985
   1.954769   0.487642   1.367026   1.800000   0.279796   0.367448   0.902886  -0.080322   1.964896  -0.575501   0.241744   1.119231  -2.860815
   1.972222   0.477978   1.361657   1.800000   0.289279   0.379651   0.898848  -0.067558   1.970246  -0.580400   0.242107   1.114319  -2.881868
   1.989675   0.468350   1.356308   1.800000   0.298930   0.392035   0.894269  -0.054252   1.975637  -0.585270   0.242404   1.109439  -2.903143
   2.007129   0.458762   1.350982   1.800000   0.308752   0.404602   0.890168  -0.041424   1.981069  -0.590112   0.242635   1.104593  -2.924633
   2.024582   0.449215   1.345677   1.800000   0.318749   0.417356   0.885527  -0.028056   1.986539  -0.594921   0.242803   1.099780  -2.946337
   2.042035   0.439712   1.340398   1.800000   0.328923   0.430299   0.881293  -0.015096   1.992046  -0.599697   0.242906   1.095003  -2.968247
   2.059489   0.430255   1.335144   1.800000   0.339279   0.443433   0.876516  -0.001592   1.997589  -0.604438   0.242945   1.090263  -2.990361
   2.076942   0.420848   1.329918   1.800000   0.349820   0.456762   0.872083   0.011568   2.003166  -0.609140   0.242922   1.085560  -3.012673
   2.094395   0.411492   1.324721   1.800000   0.360550   0.470289   0.867100   0.025277   2.008775  -0.613803   0.242836   1.080896  -3.035179
   2.111848   0.402191   1.319553   1.800000   0.371474   0.484017   0.862400   0.038704   2.014416  -0.618425   0.242688   1.076272  -3.057873
   2.129302   0.392945   1.314417   1.800000   0.382596   0.497949   0.857140   0.052690   2.020087  -0.623003   0.242479   1.071689  -3.080750
   2.146755   0.383759   1.309313   1.800000   0.393919   0.512090   0.852103   0.066454   2.025785  -0.627536   0.242209   1.067148  -3.103805
   2.164208   0.374634   1.304244   1.800000   0.405450   0.526442   0.846493   0.080790   2.031510  -0.632022   0.241878   1.062650  -3.127032
   2.181662   0.365572   1.299209   1.800000   0.417191   0.541010   0.841047   0.094963   2.037259  -0.636459   0.241487   1.058195  -3.150426
   2.199115   0.356576   1.294212   1.800000   0.429150   0.555798   0.835008   0.109729   2.043032  -0.640846   0.241037   1.053786  -3.173981
   2.216568   0.347649   1.289252   1.800000   0.441330   0.570811   0.829072   0.124391   2.048827  -0.645179   0.240528   1.049423  -3.197690
   2.234021   0.338792   1.284332   1.800000   0.453738   0.586052   0.822518   0.139672   2.054641  -0.649458   0.239959   1.045106  -3.221548
   2.251475   0.330009   1.279452   1.800000   0.466378   0.601527   0.816001   0.154916   2.060473  -0.653681   0.239333   1.040837  -3.245548
   2.268928   0.321300   1.274614   1.800000   0.479258   0.617241   0.808833   0.170811   2.066321  -0.657846   0.238649   1.036617  -3.269684
   2.286381   0.312669   1.269819   1.800000   0.492382   0.633199   0.801630   0.186740   2.072185  -0.661951   0.237907   1.032445  -3.293949
   2.303835   0.304117   1.265068   1.800000   0.505759   0.649407   0.793732   0.203365   2.078061  -0.665993   0.237109   1.028325  -3.318336
   2.321288   0.295648   1.260363   1.800000   0.519394   0.665871   0.785718   0.220105   2.083948  -0.669972   0.236254   1.024255  -3.342839
   2.338741   0.287262   1.255704   1.800000   0.533294   0.682597   0.776949   0.237601   2.089844  -0.673886   0.235342   1.020236  -3.367450
   2.356194   0.278963   1.251093   1.800000   0.547468   0.699592   0.767968   0.255309   2.095748  -0.677732   0.234375   1.016271  -3.392161
   2.373648   0.270752   1.246531   1.800000   0.561923   0.716863   0.758152   0.273852   2.101658  -0.681508   0.233352   1.012358  -3.416966
   2.391101   0.262631   1.242020   1.800000   0.576668   0.734417   0.747999   0.292731   2.107571  -0.685213   0.232274   1.008500  -3.441857
   2.408554   0.254603   1.237559   1.800000   0.591710   0.752262   0.736902   0.312555   2.113487  -0.688844   0.231141   1.004696  -3.466826
   2.426008   0.246669   1.233153   1.800000   0.607059   0.770406   0.725299   0.332884   2.119402  -0.692399   0.229952   1.000948  -3.491865
   2.443461   0.238832   1.228798   1.800000   0.622725   0.788858   0.712593   0.354317   2.125316  -0.695876   0.228709   0.997255  -3.516966
   2.460914   0.231094   1.224499   1.800000   0.638717   0.807628   0.699129   0.376507   2.131225  -0.699272   0.227410   0.993619  -3.542121
   2.478368   0.223455   1.220256   1.800000   0.655047   0.826724   0.684311   0.400053   2.137129  -0.702585   0.226055   0.990040  -3.567321
   2.495821   0.215920   1.216063   1.800000   0.671726   0.846158   0.668298   0.424791   2.143025  -0.705811   0.224644   0.986519  -3.592558
   2.513274   0.208488   1.211934   1.800000   0.688765   0.865940   0.650481   0.451335   2.148912  -0.708947   0.223176   0.983056  -3.617823
   2.530727   0.201163   1.207880   1.800000   0.706176   0.886082   0.630471   0.480073   2.154787  -0.711989   0.221648   0.979652  -3.643108
   2.548181   0.193946   1.203873   1.800000   0.723974   0.906596   0.607614   0.511656   2.160649  -0.714931   0.220058   0.976307  -3.668403
   2.565634   0.186839   1.199913   1.799987   0.742164   0.927488   0.577479   0.550517   2.166479  -0.717764   0.218398   0.973024  -3.693631
   2.583087   0.179843   1.195997   1.777782   0.748364   0.936375   0.539336   0.597387   2.145509  -0.720484   0.216637   0.969784  -3.603209
   2.600541   0.172960   1.192087   1.734409   0.742707   0.933388   0.510879   0.634571   2.098762  -0.723130   0.214762   0.966541  -3.404800
   2.617994   0.166192   1.188144   1.697248   0.740539   0.933874   0.490470   0.663706   2.059251  -0.725723   0.212793   0.963285  -3.240514
   2.635447   0.159541   1.184186   1.662948   0.740080   0.936050   0.470271   0.692632   2.022961  -0.728261   0.210749   0.960026  -3.092371
   2.652900   0.153008   1.180216   1.628543   0.739613   0.938200   0.450986   0.720644   1.986298  -0.730739   0.208633   0.956768  -2.945380
   2.670354   0.146595   1.176235   1.594038   0.739142   0.940327   0.432414   0.747942   1.949270  -0.733158   0.206449   0.953509  -2.799655
   2.687807   0.140304   1.172246   1.559465   0.738684   0.942446   0.414521   0.774562   1.911914  -0.735517   0.204201   0.950250  -2.655416
   2.705260   0.134135   1.168246   1.524797   0.738222   0.944540   0.397195   0.800614   1.874196  -0.737816   0.201892   0.946992  -2.512612
   2.722714   0.128091   1.164236   1.490048   0.737761   0.946615   0.380296   0.826240   1.836133  -0.740054   0.199524   0.943734  -2.371385
   2.740167   0.122172   1.160217   1.455217   0.737300   0.948666   0.363860   0.851403   1.797722  -0.742231   0.197101   0.940476  -2.231804
   2.757620   0.116381   1.156189   1.420306   0.736840   0.950694   0.347695   0.876295   1.758967  -0.744346   0.194625   0.937220  -2.093966
   2.775074   0.110718   1.152153   1.385324   0.736382   0.952701   0.331913   0.900803   1.719877  -0.746398   0.192098   0.933965  -1.957978
   2.792527   0.105186   1.148107   1.350264   0.735921   0.954680   0.316298   0.925145   1.680446  -0.748388   0.189523   0.930710  -1.823898
   2.809980   0.099784   1.144054   1.315138   0.735465   0.956638   0.301011   0.949158   1.640688  -0.750314   0.186902   0.927458  -1.691856
   2.827433   0.094515   1.139993   1.279943   0.735007   0.958569   0.285817   0.973079   1.600598  -0.752175   0.184236   0.924206  -1.561913
   2.844887   0.089379   1.135925   1.244682   0.734549   0.960472   0.270906   0.996717   1.560183  -0.753972   0.181529   0.920957  -1.434172
   2.862340   0.084378   1.131850   1.209363   0.734095   0.962351   0.256038   1.020312   1.519452  -0.755704   0.178781   0.917709  -1.308734
   2.879793   0.079513   1.127767   1.173979   0.733637   0.964198   0.241410   1.043666   1.478399  -0.757369   0.175996   0.914464  -1.185664
   2.897247   0.074785   1.123678   1.138543   0.733183   0.966020   0.226792   1.067011   1.437041  -0.758968   0.173174   0.911221  -1.065088
   2.914700   0.070195   1.119583   1.103049   0.732727   0.967810   0.212378   1.090151   1.395373  -0.760499   0.170318   0.907980  -0.947065
   2.932153   0.065744   1.115481   1.067506   0.732273   0.969572   0.197946   1.113311   1.353405  -0.761963   0.167429   0.904741  -0.831705
   2.949606   0.061433   1.111375   1.031915   0.731820   0.971303   0.183688   1.136295   1.311143  -0.763359   0.164510   0.901506  -0.719095
   2.967060   0.057263   1.107262   0.996274   0.731365   0.973000   0.169387   1.159323   1.268585  -0.764686   0.161562   0.898273  -0.609308
   2.984513   0.053235   1.103145   0.960594   0.730914   0.974669   0.155239   1.182197   1.225749  -0.765944   0.158587   0.895043  -0.502460
   3.001966   0.049349   1.099023   0.924870   0.730459   0.976301   0.141022   1.205140   1.182628  -0.767132   0.155587   0.891816  -0.398610
   3.019420   0.045607   1.094897   0.889110   0.730007   0.977902   0.126942   1.227947   1.139239  -0.768250   0.152564   0.888593  -0.297866
   3.036873   0.042008   1.090767   0.853315   0.729556   0.979469   0.112771   1.250845   1.095583  -0.769298   0.149519   0.885373  -0.200302
   3.054326   0.038555   1.086633   0.817485   0.729101   0.980998   0.098716   1.273626   1.051664  -0.770275   0.146454   0.882156  -0.105997
   3.071779   0.035247   1.082496   0.781629   0.728652   0.982497   0.084557   1.296512   1.007497  -0.771180   0.143371   0.878943  -0.015050
   3.089233   0.032084   1.078355   0.745741   0.728197   0.983954   0.070491   1.319305   0.963078  -0.772014   0.140272   0.875734   0.072481
   3.106686   0.029069   1.074211   0.709833   0.727748   0.985379   0.056312   1.342211   0.918425  -0.772776   0.137159   0.872528   0.156496
   3.124139   0.026200   1.070065   0.673901   0.727296   0.986764   0.042201   1.365048   0.873538  -0.773466   0.134033   0.869327   0.236932
   3.141593   0.023480   1.065917   0.637950   0.726843   0.988111   0.027966   1.388009   0.828426  -0.774083   0.130896   0.866130   0.313711
   3.159046   0.020907   1.061767   0.601985   0.726395   0.989424   0.013782   1.410920   0.783100  -0.774628   0.127750   0.862937   0.386754
   3.176499   0.018482   1.057616   0.566002   0.725939   0.990690  -0.000543   1.433972   0.737560  -0.775099   0.124596   0.859748   0.456005
   3.193953   0.016207   1.053463   0.530012   0.725490   0.991923  -0.014827   1.456983   0.691825  -0.775497   0.121437   0.856564   0.521378
   3.211406   0.014080   1.049309   0.494013   0.725038   0.993113  -0.029276   1.480159   0.645895  -0.775821   0.118274   0.853385   0.582820
   3.228859   0.012102   1.045155   0.458007   0.724583   0.994260  -0.043696   1.503305   0.599780  -0.776072   0.115109   0.850210   0.640264
   3.246312   0.010274   1.041000   0.422002   0.724134   0.995371  -0.058291   1.526627   0.553492  -0.776249   0.111944   0.847040   0.693646
   3.263766   0.008596   1.036846   0.385998   0.723688   0.996445  -0.072884   1.549947   0.507039  -0.776352   0.108780   0.843875   0.742911
   3.281219   0.007067   1.032692   0.349995   0.723237   0.997471  -0.087679   1.573468   0.460426  -0.776381   0.105620   0.840715   0.788008
   3.298672   0.005688   1.028538   0.313994   0.722775   0.998443  -0.102475   1.596991   0.413659  -0.776335   0.102466   0.837560   0.828887
   3.316126   0.004459   1.024385   0.278006   0.722327   0.999387  -0.117480   1.620722   0.366758  -0.776215   0.099318   0.834410   0.865489
   3.333579   0.003379   1.020234   0.242028   0.721873   1.000281  -0.132524   1.644493   0.319725  -0.776021   0.096179   0.831265   0.897776
   3.351032   0.002450   1.016084   0.206062   0.721413   1.001127  -0.147794   1.668489   0.272569  -0.775753   0.093052   0.828126   0.925706
   3.368485   0.001670   1.011937   0.170117   0.720968   1.001942  -0.163114   1.692536   0.225306  -0.775410   0.089937   0.824992   0.949237
   3.385939   0.001039   1.007791   0.134187   0.720493   1.002683  -0.178710   1.716859   0.177936  -0.774992   0.086837   0.821864   0.968339
   3.403392   0.000557   1.003648   0.098283   0.720047   1.003409  -0.194321   1.741197   0.130479  -0.774500   0.083753   0.818741   0.982975
   3.420845   0.000225   0.999508   0.062401   0.719555   1.004042  -0.210330   1.765932   0.082936  -0.773934   0.080688   0.815625   0.993122
   3.438299   0.000041   0.995371   0.026548   0.719019   1.004587  -0.226109   1.790438   0.035323  -0.773293   0.077644   0.812513   0.998752
   3.455752   0.000005   0.991238  -0.009273   0.719013   1.005615  -0.242502   1.815558  -0.012351  -0.772579   0.074622   0.809409   0.999847
   3.473205   0.000117   0.987108  -0.045065   0.718373   1.005963  -0.259358   1.841140  -0.060081  -0.771790   0.071626   0.806311   0.996390
   3.490659   0.000377   0.982983  -0.080816   0.717841   1.006374  -0.276030   1.866538  -0.107846  -0.770926   0.068657   0.803218   0.988369
   3.508112   0.000783   0.978862  -0.116532   0.717394   1.006822  -0.293140   1.892376  -0.155648  -0.769988   0.065716   0.800132   0.975774
   3.525565   0.001337   0.974746  -0.152204   0.716921   1.007197  -0.310480   1.918442  -0.203466  -0.768977   0.062807   0.797051   0.958602
   3.543018   0.002035   0.970635  -0.187833   0.716457   1.007534  -0.328188   1.944876  -0.251295  -0.767892   0.059931   0.793978   0.936851
   3.560472   0.002880   0.966529  -0.223416   0.716005   1.007834  -0.346209   1.971624  -0.299126  -0.766733   0.057091   0.790910   0.910524
   3.577925   0.003868   0.962429  -0.258946   0.715536   1.008071  -0.364663   1.998805  -0.346941  -0.765500   0.054289   0.787849   0.879632
   3.595378   0.005001   0.958335  -0.294428   0.715086   1.008277  -0.383486   2.026354  -0.394740  -0.764195   0.051528   0.784795   0.844180
   3.612832   0.006277   0.954248  -0.329851   0.714620   1.008420  -0.402843   2.054438  -0.442501  -0.762816   0.048810   0.781747   0.804193
   3.630285   0.007695   0.950167  -0.365218   0.714160   1.008521  -0.422640   2.082962  -0.490221  -0.761363   0.046138   0.778706   0.759683
   3.647738   0.009255   0.946093  -0.400525   0.713702   1.008575  -0.443098   2.112146  -0.537888  -0.759838   0.043515   0.775672   0.710677
   3.665191   0.010955   0.942027  -0.435766   0.713235   1.008572  -0.464111   2.141887  -0.585486  -0.758240   0.040944   0.772645   0.657207
   3.682645   0.012795   0.937968  -0.470945   0.712779   1.008530  -0.485956   2.172458  -0.633014  -0.756569   0.038429   0.769625   0.599293
   3.700098   0.014774   0.933917  -0.506051   0.712312   1.008428  -0.508523   2.203752  -0.680449  -0.754825   0.035972   0.766612   0.536989
   3.717551   0.016891   0.929874  -0.541088   0.711850   1.008282  -0.532192   2.236147  -0.727791  -0.753008   0.033577   0.763606   0.470320
   3.735005   0.019144   0.925841  -0.576044   0.711375   1.008074  -0.556812   2.269493  -0.775016  -0.751118   0.031249   0.760607   0.399350
   3.752458   0.021533   0.921816  -0.610926   0.710904   1.007822  -0.582988   2.304396  -0.822125  -0.749155   0.028992   0.757616   0.324110
   3.769911   0.024057   0.917799  -0.645745   0.710460   1.007546  -0.610453   2.340588  -0.869128  -0.747118   0.026812   0.754632   0.244617
   3.787364   0.026713   0.913795  -0.680447   0.709962   1.007167  -0.640487   2.379349  -0.915944  -0.745005   0.024715   0.751656   0.161047
   3.804818   0.029502   0.909796  -0.715122   0.709546   1.006820  -0.671255   2.418843  -0.962685  -0.742818   0.022707   0.748687   0.073237
   3.822271   0.032422   0.905827  -0.753893   0.714691   1.011985  -0.708276   2.464590  -1.014900  -0.740560   0.020801   0.745732  -0.030021
   3.839724   0.035471   0.901878  -0.789092   0.714910   1.012175  -0.762724   2.527765  -1.062253  -0.738221   0.019036   0.742801  -0.128382
   3.857178   0.038648   0.897884  -0.805700   0.692372   0.989558  -0.825493   2.599261  -1.084525  -0.735748   0.017421   0.739848  -0.176195
   3.874631   0.041953   0.893761  -0.803824   0.648550   0.945608  -0.874423   2.656917  -1.081861  -0.733091   0.015932   0.736802  -0.170424
   3.892084   0.045382   0.889523  -0.800000   0.604017   0.900897  -0.903735   2.694957  -1.076523  -0.730248   0.014507   0.733622  -0.158902
   3.909538   0.048936   0.885098  -0.800000   0.565847   0.862500  -0.926656   2.726604  -1.076279  -0.727248   0.013129   0.730321  -0.158376
   3.926991   0.052612   0.880480  -0.800000   0.529153   0.825530  -0.946733   2.755408  -1.075981  -0.724102   0.011798   0.726905  -0.157736
   3.944444   0.056410   0.875730  -0.800000   0.493832   0.789883  -0.963604   2.781005  -1.075631  -0.720815   0.010512   0.723375  -0.156982
   3.961897   0.060326   0.870837  -0.800000   0.459790   0.755467  -0.977982   2.804110  -1.075228  -0.717393   0.009267   0.719733  -0.156116
   3.979351   0.064361   0.865792  -0.800000   0.426942   0.722195  -0.990292   2.825147  -1.074773  -0.713838   0.008063   0.715980  -0.155137
   3.996804   0.068511   0.860605  -0.800000   0.395213   0.689994  -1.000781   2.844363  -1.074265  -0.710156   0.006897   0.712118  -0.154046
   4.014257   0.072777   0.855273  -0.800000   0.364534   0.658793  -1.009805   2.862113  -1.073706  -0.706348   0.005768   0.708146  -0.152844
   4.031711   0.077155   0.849801  -0.800000   0.334841   0.628531  -1.017450   2.878485  -1.073094  -0.702419   0.004676   0.704068  -0.151531
   4.049164   0.081644   0.844190  -0.800000   0.306079   0.599151  -1.023999   2.893761  -1.072431  -0.698370   0.003619   0.699883  -0.150108
   4.066617   0.086242   0.838441  -0.800000   0.278195   0.570601  -1.029468   2.907956  -1.071717  -0.694204   0.002596   0.695594  -0.148577
   4.084070   0.090948   0.832559  -0.800000   0.251142   0.542833  -1.034088   2.921303  -1.070952  -0.689924   0.001608   0.691201  -0.146937
   4.101524   0.095760   0.826544  -0.800000   0.224876   0.515805  -1.037839   2.933780  -1.070136  -0.685532   0.000654   0.686707  -0.145191
   4.118977   0.100675   0.820400  -0.800000   0.199356   0.489476  -1.040914   2.945582  -1.069270  -0.681030  -0.000267   0.682112  -0.143338
   4.136430   0.105693   0.814128  -0.800000   0.174545   0.463808  -1.043274   2.956669  -1.068354  -0.676421  -0.001155   0.677417  -0.141381
   4.153884   0.110810   0.807731  -0.800000   0.150410   0.438769  -1.045086   2.967207  -1.067389  -0.671706  -0.002011   0.672625  -0.139319
   4.171337   0.116025   0.801213  -0.800000   0.126918   0.414326  -1.046300   2.977148  -1.066375  -0.666888  -0.002835   0.667737  -0.137155
   4.188790   0.121337   0.794573  -0.800000   0.104039   0.390450  -1.047060   2.986634  -1.065312  -0.661968  -0.003628   0.662754  -0.134890
   4.206243   0.126742   0.787816  -0.800000   0.081747   0.367115  -1.047313   2.995614  -1.064201  -0.656948  -0.004388   0.657677  -0.132524
   4.223697   0.132239   0.780945  -0.800000   0.060015   0.344294  -1.047184   3.004212  -1.063043  -0.651832  -0.005118   0.652509  -0.130060
   4.241150   0.137827   0.773961  -0.800000   0.038820   0.321964  -1.046620   3.012375  -1.061838  -0.646619  -0.005817   0.647250  -0.127499
   4.258603   0.143502   0.766867  -0.800000   0.018139   0.300104  -1.045732   3.020213  -1.060586  -0.641314  -0.006485   0.641902  -0.124842
   4.276057   0.149262   0.759666  -0.800000  -0.002047   0.278693  -1.044464   3.027672  -1.059288  -0.635916  -0.007122   0.636467  -0.122090
   4.293510   0.155106   0.752361  -0.800000  -0.021760   0.257711  -1.042917   3.034852  -1.057944  -0.630430  -0.007730   0.630947  -0.119246
   4.310963   0.161032   0.744954  -0.800000  -0.041017   0.237141  -1.041038   3.041699  -1.056556  -0.624855  -0.008308   0.625342  -0.116311
   4.328417   0.167036   0.737448  -0.800000  -0.059835   0.216967  -1.038914   3.048302  -1.055124  -0.619194  -0.008856   0.619656  -0.113286
   4.345870   0.173118   0.729847  -0.800000  -0.078231   0.197171  -1.036497   3.054612  -1.053648  -0.613450  -0.009375   0.613888  -0.110174
   4.363323   0.179274   0.722152  -0.800000  -0.096220   0.177739  -1.033864   3.060705  -1.052129  -0.607624  -0.009865   0.608041  -0.106975
   4.380776   0.185502   0.714367  -0.800000  -0.113816   0.158658  -1.030969   3.066537  -1.050568  -0.601718  -0.010326   0.602117  -0.103692
   4.398230   0.191800   0.706494  -0.800000  -0.131033   0.139914  -1.027882   3.072176  -1.048965  -0.595734  -0.010759   0.596117  -0.100327
   4.415683   0.198166   0.698536  -0.800000  -0.147884   0.121495  -1.024560   3.077581  -1.047321  -0.589674  -0.011164   0.590044  -0.096881
   4.433136   0.204598   0.690497  -0.800000  -0.164380   0.103389  -1.021064   3.082811  -1.045637  -0.583540  -0.011541   0.583898  -0.093356
   4.450590   0.211092   0.682379  -0.800000  -0.180534   0.085585  -1.017355   3.087830  -1.043913  -0.577334  -0.011890   0.577682  -0.089754
   4.468043   0.217647   0.674186  -0.800000  -0.196356   0.068073  -1.013488   3.092689  -1.042150  -0.571057  -0.012213   0.571398  -0.086077
   4.485496   0.224260   0.665919  -0.800000  -0.211857   0.050843  -1.009429   3.097356  -1.040350  -0.564713  -0.012508   0.565046  -0.082327
   4.502949   0.230929   0.657583  -0.800000  -0.227046   0.033886  -1.005223   3.101877  -1.038512  -0.558303  -0.012777   0.558630  -0.078507
   4.520403   0.237651   0.649180  -0.800000  -0.241933   0.017193  -1.000841   3.106222  -1.036637  -0.551828  -0.013020   0.552152  -0.074617
   4.537856   0.244425   0.640713  -0.800000  -0.256526   0.000755  -0.996323   3.110431  -1.034727  -0.545292  -0.013238   0.545612  -0.070660
   4.555309   0.251246   0.632186  -0.800000  -0.270835  -0.015435  -0.991644   3.114478  -1.032782  -0.538696  -0.013430   0.539013  -0.066638
   4.572763   0.258114   0.623602  -0.800000  -0.284866  -0.031385  -0.986837   3.118398  -1.030802  -0.532042  -0.013597   0.532357  -0.062553
   4.590216   0.265025   0.614962  -0.800000  -0.298629  -0.047102  -0.981881   3.122169  -1.028789  -0.525332  -0.013740   0.525646  -0.058408
   4.607669   0.271977   0.606272  -0.800000  -0.312129  -0.062593  -0.976805   3.125819  -1.026744  -0.518569  -0.013859   0.518881  -0.054203
   4.625123   0.278968   0.597534  -0.800000  -0.325374  -0.077863  -0.971590   3.129331  -1.024667  -0.511754  -0.013955   0.512066  -0.049942
   4.642576   0.285994   0.588751  -0.800000  -0.338371  -0.092919  -0.966260   3.132728  -1.022559  -0.504890  -0.014027   0.505202  -0.045627
   4.660029   0.293054   0.579926  -0.800000  -0.351126  -0.107767  -0.960803   3.135997  -1.020421  -0.497979  -0.014077   0.498290  -0.041259
   4.677482   0.300145   0.571063  -0.800000  -0.363645  -0.122412  -0.955234   3.139155  -1.018254  -0.491023  -0.014105   0.491334  -0.036841
   4.694936   0.307264   0.562164  -0.800000  -0.375934  -0.136860  -0.949547   3.142194  -1.016058  -0.484024  -0.014111   0.484335  -0.032375
   4.712389   0.314408   0.553234  -0.800000  -0.387999  -0.151115  -0.943751   3.145125  -1.013835  -0.476985  -0.014097   0.477296  -0.027862
   4.729842   0.321576   0.544274  -0.800000  -0.399845  -0.165182  -0.937844   3.147945  -1.011586  -0.469907  -0.014061   0.470218  -0.023306
   4.747296   0.328764   0.535289  -0.800000  -0.411476  -0.179065  -0.931832   3.150659  -1.009311  -0.462794  -0.014007   0.463104  -0.018708
   4.764749   0.335970   0.526281  -0.800000  -0.422899  -0.192769  -0.925717   3.153270  -1.007011  -0.455646  -0.013932   0.455957  -0.014071
   4.782202   0.343192   0.517254  -0.800000  -0.434117  -0.206298  -0.919497   3.155778  -1.004687  -0.448468  -0.013839   0.448777  -0.009396
   4.799655   0.350426   0.508211  -0.800000  -0.445136  -0.219655  -0.913181   3.158188  -1.002340  -0.441260  -0.013728   0.441568  -0.004685
   4.817109   0.357670   0.499156  -0.800000  -0.455959  -0.232845  -0.906762   3.160495  -0.999971  -0.434025  -0.013600   0.434333   0.000058
   4.834562   0.364922   0.490092  -0.800000  -0.466591  -0.245870  -0.900252   3.162712  -0.997581  -0.426766  -0.013455   0.427072   0.004833
   4.852015   0.372179   0.481021  -0.800000  -0.477036  -0.258734  -0.893640   3.164827  -0.995170  -0.419485  -0.013293   0.419789   0.009636
   4.869469   0.379438   0.471947  -0.800000  -0.487297  -0.271440  -0.886943   3.166856  -0.992740  -0.412184  -0.013116   0.412486   0.014467
   4.886922   0.386696   0.462874  -0.800000  -0.497379  -0.283991  -0.880144   3.168784  -0.990292  -0.404865  -0.012924   0.405165   0.019322
   4.904375   0.393952   0.453804  -0.800000  -0.507285  -0.296390  -0.873265   3.170632  -0.987826  -0.397532  -0.012718   0.397829   0.024200
   4.921828   0.401202   0.444742  -0.800000  -0.517018  -0.308640  -0.866284   3.172378  -0.985343  -0.390187  -0.012498   0.390481   0.029099
   4.939282   0.408444   0.435689  -0.800000  -0.526582  -0.320743  -0.859228   3.174048  -0.982845  -0.382832  -0.012265   0.383122   0.034017
   4.956735   0.415675   0.426650  -0.800000  -0.535980  -0.332701  -0.852070   3.175617  -0.980331  -0.375469  -0.012020   0.375755   0.038951
   4.974188   0.422893   0.417628  -0.800000  -0.545215  -0.344517  -0.844841   3.177114  -0.977804  -0.368102  -0.011764   0.368383   0.043899
   4.991642   0.430094   0.408626  -0.800000  -0.554290  -0.356194  -0.837509   3.178509  -0.975264  -0.360732  -0.011497   0.361008   0.048861
   5.009095   0.437277   0.399647  -0.800000  -0.563208  -0.367732  -0.830110   3.179837  -0.972711  -0.353362  -0.011219   0.353633   0.053833
   5.026548   0.444439   0.390695  -0.800000  -0.571971  -0.379135  -0.822608   3.181062  -0.970148  -0.345995  -0.010933   0.346261   0.058814
   5.044002   0.451578   0.381772  -0.800000  -0.580583  -0.390403  -0.815043   3.182223  -0.967574  -0.338633  -0.010638   0.338893   0.063801
   5.061455   0.458689   0.372882  -0.800000  -0.589046  -0.401540  -0.807374   3.183280  -0.964990  -0.331280  -0.010335   0.331533   0.068794
   5.078908   0.465772   0.364029  -0.800000  -0.597362  -0.412546  -0.799645   3.184278  -0.962398  -0.323936  -0.010025   0.324183   0.073790
   5.096361   0.472824   0.355214  -0.800000  -0.605535  -0.423423  -0.791811   3.185171  -0.959799  -0.316606  -0.009709   0.316846   0.078787
   5.113815   0.479841   0.346442  -0.800000  -0.613565  -0.434172  -0.783920   3.186007  -0.957192  -0.309292  -0.009387   0.309525   0.083783
   5.131268   0.486822   0.337716  -0.800000  -0.621456  -0.444796  -0.775923   3.186737  -0.954580  -0.301996  -0.009060   0.302222   0.088777
   5.148721   0.493764   0.329039  -0.800000  -0.629209  -0.455295  -0.767874   3.187414  -0.951963  -0.294722  -0.008728   0.294940   0.093767
   5.166175   0.500664   0.320414  -0.800000  -0.636828  -0.465671  -0.759716   3.187983  -0.949342  -0.287471  -0.008394   0.287682   0.098750
   5.183628   0.507520   0.311844  -0.800000  -0.644313  -0.475924  -0.751510   3.188503  -0.946717  -0.280247  -0.008057   0.280450   0.103727
   5.201081   0.514329   0.303332  -0.800000  -0.651667  -0.486057  -0.743193   3.188913  -0.944090  -0.273053  -0.007717   0.273247   0.108694
   5.218534   0.521090   0.294882  -0.800000  -0.658892  -0.496070  -0.734830   3.189277  -0.941462  -0.265890  -0.007377   0.266077   0.113650
   5.235988   0.527799   0.286496  -0.800000  -0.665989  -0.505963  -0.726356   3.189529  -0.938833  -0.258763  -0.007036   0.258941   0.118593
   5.253441   0.534453   0.278177  -0.800000  -0.672960  -0.515739  -0.717838   3.189738  -0.936204  -0.251672  -0.006695   0.251843   0.123523
   5.270894   0.541052   0.269930  -0.800000  -0.679808  -0.525398  -0.709207   3.189834  -0.933576  -0.244623  -0.006355   0.244785   0.128436
   5.288348   0.547591   0.261755  -0.800000  -0.686534  -0.534940  -0.700537   3.189890  -0.930950  -0.237616  -0.006016   0.237770   0.133333
   5.305801   0.554069   0.253657  -0.800000  -0.693138  -0.544367  -0.691751   3.189830  -0.928326  -0.230656  -0.005680   0.230801   0.138210
   5.323254   0.560484   0.245639  -0.800000  -0.699624  -0.553679  -0.682928   3.189734  -0.925706  -0.223744  -0.005346   0.223882   0.143068
   5.340708   0.566833   0.237703  -0.800000  -0.705993  -0.562877  -0.673987   3.189520  -0.923091  -0.216884  -0.005017   0.217014   0.147904
   5.358161   0.573113   0.229853  -0.800000  -0.712245  -0.571962  -0.665013   3.189273  -0.920480  -0.210079  -0.004691   0.210201   0.152716
   5.375614   0.579323   0.222091  -0.800000  -0.718383  -0.580933  -0.655918   3.188905  -0.917875  -0.203331  -0.004370   0.203445   0.157505
   5.393067   0.585460   0.214419  -0.800000  -0.724408  -0.589793  -0.646794   3.188507  -0.915277  -0.196643  -0.004055   0.196749   0.162267
   5.410521   0.591522   0.206842  -0.800000  -0.730321  -0.598540  -0.637546   3.187986  -0.912687  -0.190018  -0.003745   0.190117   0.167003
   5.427974   0.597506   0.199362  -0.800000  -0.736124  -0.607176  -0.628272   3.187438  -0.910104  -0.183459  -0.003443   0.183551   0.171710
   5.445427   0.603410   0.191982  -0.800000  -0.741817  -0.615701  -0.618872   3.186765  -0.907531  -0.176968  -0.003147   0.177054   0.176388
   5.462881   0.609233   0.184703  -0.800000  -0.747402  -0.624116  -0.609448   3.186068  -0.904967  -0.170550  -0.002859   0.170629   0.181035
   5.480334   0.614972   0.177529  -0.800000  -0.752881  -0.632420  -0.599896   3.185243  -0.902414  -0.164206  -0.002579   0.164279   0.185650
   5.497787   0.620624   0.170464  -0.800000  -0.758254  -0.640614  -0.590323   3.184396  -0.899871  -0.157939  -0.002308   0.158007   0.190231
   5.515240   0.626188   0.163509  -0.800000  -0.763522  -0.648698  -0.580620   3.183420  -0.897341  -0.151753  -0.002046   0.151815   0.194779
   5.532694   0.631662   0.156666  -0.800000  -0.768688  -0.656673  -0.570898   3.182425  -0.894823  -0.145649  -0.001794   0.145706   0.199291
   5.550147   0.637043   0.149940  -0.800000  -0.773751  -0.664539  -0.561044   3.181297  -0.892319  -0.139632  -0.001551   0.139684   0.203767
   5.567600   0.642330   0.143332  -0.800000  -0.778712  -0.672295  -0.551174   3.180153  -0.889828  -0.133704  -0.001319   0.133751   0.208205
   5.585054   0.647520   0.136844  -0.800000  -0.783574  -0.679943  -0.541168   3.178874  -0.887353  -0.127867  -0.001098   0.127910   0.212606
   5.602507   0.652612   0.130480  -0.800000  -0.788336  -0.687482  -0.531150   3.177582  -0.884892  -0.122125  -0.000887   0.122164   0.216966
   5.619960   0.657603   0.124241  -0.800000  -0.792999  -0.694912  -0.520993   3.176152  -0.882447  -0.116480  -0.000688   0.116516   0.221287
   5.637413   0.662492   0.118129  -0.800000  -0.797565  -0.702233  -0.510826   3.174712  -0.880019  -0.110936  -0.000500   0.110968   0.225566
   5.654867   0.667276   0.112150  -0.800000  -0.802035  -0.709446  -0.500518   3.173131  -0.877609  -0.105495  -0.000324   0.105524   0.229803
   5.672320   0.671954   0.106301  -0.800000  -0.806409  -0.716550  -0.490203   3.171543  -0.875216  -0.100159  -0.000160   0.100186   0.233997
   5.689773   0.676525   0.100589  -0.800000  -0.810688  -0.723546  -0.479744   3.169810  -0.872842  -0.094932  -0.000008   0.094957   0.238148
   5.707227   0.680985   0.095013  -0.800000  -0.814873  -0.730433  -0.469280   3.168073  -0.870486  -0.089817   0.000132   0.089840   0.242254
   5.724680   0.685334   0.089576  -0.800000  -0.818965  -0.737211  -0.458669   3.166189  -0.868151  -0.084816   0.000260   0.084837   0.246314
   5.742133   0.689570   0.084282  -0.800000  -0.822964  -0.743881  -0.448056   3.164303  -0.865836  -0.079932   0.000375   0.079952   0.250329
   5.759587   0.693691   0.079130  -0.800000  -0.826871  -0.750442  -0.437293   3.162266  -0.863541  -0.075167   0.000479   0.075186   0.254297
   5.777040   0.697695   0.074127  -0.800000  -0.830688  -0.756894  -0.426531   3.160230  -0.861268  -0.070525   0.000570   0.070543   0.258217
   5.794493   0.701581   0.069267  -0.800000  -0.834414  -0.763237  -0.415614   3.158040  -0.859017  -0.066008   0.000649   0.066026   0.262090
   5.811946   0.705347   0.064562  -0.800000  -0.838050  -0.769470  -0.404702   3.155854  -0.856789  -0.061619   0.000717   0.061636   0.265913
   5.829400   0.708991   0.060005  -0.800000  -0.841597  -0.775595  -0.393631   3.153510  -0.854583  -0.057360   0.000773   0.057376   0.269688
   5.846853   0.712513   0.055603  -0.800000  -0.845056  -0.781610  -0.382567   3.151173  -0.852401  -0.053234   0.000817   0.053250   0.273412
   5.864306   0.715910   0.051359  -0.800000  -0.848427  -0.787516  -0.371342   3.148674  -0.850243  -0.049243   0.000850   0.049260   0.277086
   5.881760   0.719182   0.047264  -0.800000  -0.851711  -0.793312  -0.360125   3.146184  -0.848110  -0.045391   0.000873   0.045407   0.280709
   5.899213   0.722326   0.043341  -0.800000  -0.854908  -0.798998  -0.348742   3.143528  -0.846002  -0.041679   0.000885   0.041695   0.284281
   5.916666   0.725342   0.039565  -0.800000  -0.858019  -0.804574  -0.337372   3.140884  -0.843919  -0.038110   0.000887   0.038126   0.287800
   5.934119   0.728228   0.035959  -0.800000  -0.861044  -0.810039  -0.325830   3.138070  -0.841863  -0.034686   0.000880   0.034702   0.291267
   5.951573   0.730983   0.032525  -0.800000  -0.863984  -0.815394  -0.314303   3.135269  -0.839832  -0.031410   0.000864   0.031426   0.294682
   5.969026   0.733605   0.029233  -0.800000  -0.866840  -0.820638  -0.302601   3.132293  -0.837829  -0.028284   0.000840   0.028300   0.298042
   5.986479   0.736094   0.026140  -0.800000  -0.869612  -0.825771  -0.290915   3.129334  -0.835853  -0.025310   0.000808   0.025326   0.301349
   6.003933   0.738448   0.023227  -0.800000  -0.872300  -0.830792  -0.279048   3.126194  -0.833905  -0.022491   0.000769   0.022506   0.304602
   6.021386   0.740666   0.020426  -0.800000  -0.874905  -0.835702  -0.267200   3.123072  -0.831985  -0.019829   0.000724   0.019844   0.307801
   6.038839   0.742747   0.017748  -0.800000  -0.877427  -0.840500  -0.255165   3.119764  -0.830094  -0.017325   0.000673   0.017339   0.310944
   6.056293   0.744690   0.015294  -0.800000  -0.879867  -0.845186  -0.243151   3.116476  -0.828232  -0.014982   0.000618   0.014996   0.314033
   6.073746   0.746494   0.013053  -0.800000  -0.882225  -0.849760  -0.230942   3.112995  -0.826399  -0.012803   0.000560   0.012816   0.317065
   6.091199   0.748158   0.011016  -0.800000  -0.884502  -0.854220  -0.218757   3.109536  -0.824596  -0.010788   0.000499   0.010800   0.320042
   6.108652   0.749681   0.009174  -0.800000  -0.886697  -0.858568  -0.206369   3.105875  -0.822823  -0.008940   0.000436   0.008951   0.322963
   6.126106   0.751062   0.007533  -0.800000  -0.888811  -0.862802  -0.194005   3.102238  -0.821080  -0.007260   0.000373   0.007270   0.325827
   6.143559   0.752301   0.006085  -0.800000  -0.890845  -0.866923  -0.181430   3.098389  -0.819369  -0.005751   0.000311   0.005760   0.328635
   6.161012   0.753397   0.004818  -0.800000  -0.892799  -0.870930  -0.168879   3.094565  -0.817688  -0.004414   0.000251   0.004421   0.331386
   6.178466   0.754348   0.003719  -0.800000  -0.894674  -0.874823  -0.156105   3.090518  -0.816039  -0.003251   0.000194   0.003257   0.334080
   6.195919   0.755155   0.002777  -0.800000  -0.896468  -0.878601  -0.143354   3.086493  -0.814422  -0.002263   0.000141   0.002267   0.336716
   6.213372   0.755816   0.001980  -0.800000  -0.898184  -0.882264  -0.130365   3.082230  -0.812837  -0.001451   0.000095   0.001454   0.339295
   6.230825   0.756331   0.001316  -0.800000  -0.899820  -0.885812  -0.117395   3.077987  -0.811285  -0.000818   0.000056   0.000820   0.341816
   6.248279   0.756700   0.000772  -0.800000  -0.901378  -0.889244  -0.104160   3.073479  -0.809766  -0.000364   0.000026   0.000365   0.344280
   6.265732   0.756921   0.000338  -0.800000  -0.902857  -0.892561  -0.090936   3.068982  -0.808279  -0.000091   0.000007   0.000092   0.346685
   6.283185   0.756995   0.000000  -0.800000  -0.904258  -0.895762  -0.077362   3.064134  -0.806826   0.000000   0.000000   0.000000   0.349032
