         360
   gj         fig        sg         vg         ssv        ssv1       ttv        ttp        vg1        xp         yp         sg1        cp         t          f          d1         d2         xd1        yd1
   0.000000   1.484337   2.000000   0.900000  -0.782383  -0.830434  -0.022374  -0.156726   0.857776   0.000000   0.000000   2.092790   0.264220   0.000000  -4.010242   0.042379   0.023330   0.006615   0.041859
   0.017453   1.484251   1.999664   0.900142  -0.783766  -0.831942  -0.010343  -0.160031   0.857805  -0.000099   0.000016   2.092690   0.264171   0.000000  -3.107116   0.039046   0.023327   0.006123   0.038563
   0.034907   1.483993   1.999224   0.900328  -0.785021  -0.833321   0.001628  -0.163276   0.857876  -0.000396   0.000064   2.092389   0.264049   0.000003  -3.103951   0.039025   0.023320   0.005948   0.038570
   0.052360   1.483562   1.998666   0.900563  -0.786144  -0.834565   0.013791  -0.166712   0.857995  -0.000891   0.000147   2.091886   0.263844   0.000011  -3.113977   0.039036   0.023308   0.005586   0.038641
   0.069813   1.482958   1.997978   0.900855  -0.787126  -0.835670   0.025938  -0.170132   0.858168  -0.001585   0.000265   2.091183   0.263547   0.000027  -3.261405   0.039467   0.023291   0.005097   0.039162
   0.087266   1.482181   1.997147   0.901207  -0.787963  -0.836628   0.038272  -0.173739   0.858401  -0.002477   0.000420   2.090277   0.263148   0.000053  -3.406918   0.039907   0.023269   0.004421   0.039726
   0.104720   1.481230   1.996160   0.901627  -0.788648  -0.837432   0.050593  -0.177333   0.858698  -0.003568   0.000613   2.089169   0.262638   0.000091  -3.559384   0.040391   0.023240   0.003557   0.040371
   0.122173   1.480105   1.995004   0.902120  -0.789175  -0.838078   0.063097  -0.181111   0.859065  -0.004857   0.000847   2.087859   0.262007   0.000145  -3.716936   0.040919   0.023205   0.002514   0.041097
   0.139626   1.478806   1.993667   0.902692  -0.789537  -0.838558   0.075585  -0.184873   0.859509  -0.006344   0.001122   2.086348   0.261245   0.000216  -3.878088   0.041496   0.023162   0.001284   0.041911
   0.157080   1.477332   1.992134   0.903349  -0.789728  -0.838865   0.088251  -0.188812   0.860035  -0.008028   0.001441   2.084634   0.260340   0.000308  -4.045769   0.042145   0.023112  -0.000117   0.042837
   0.174533   1.475684   1.990393   0.904099  -0.789741  -0.838993   0.100891  -0.192725   0.860649  -0.009908   0.001804   2.082718   0.259283   0.000423  -4.211306   0.042837   0.023054  -0.001704   0.043847
   0.191986   1.473862   1.988438   0.904945  -0.789571  -0.838937   0.113696  -0.196803   0.861356  -0.011985   0.002214   2.080601   0.258066   0.000563  -4.344275   0.043409   0.022987  -0.003497   0.044785
   0.209440   1.471865   1.986270   0.905887  -0.789219  -0.838698   0.126460  -0.200841   0.862156  -0.014257   0.002671   2.078284   0.256687   0.000731  -4.465022   0.043947   0.022912  -0.005490   0.045734
   0.226893   1.469693   1.983877   0.906934  -0.788676  -0.838267   0.139382  -0.205037   0.863055  -0.016722   0.003179   2.075767   0.255136   0.000930  -4.615283   0.044699   0.022829  -0.007621   0.046942
   0.244346   1.467348   1.981246   0.908090  -0.787937  -0.837638   0.152246  -0.209173   0.864061  -0.019380   0.003737   2.073051   0.253399   0.001162  -4.734500   0.045300   0.022736  -0.009974   0.048050
   0.261799   1.464828   1.978398   0.909351  -0.787009  -0.836819   0.165225  -0.213425   0.865166  -0.022230   0.004348   2.070137   0.251487   0.001430  -4.672896   0.044688   0.022634  -0.012764   0.048023
   0.279253   1.462135   1.975443   0.910669  -0.785944  -0.835861   0.178122  -0.217596   0.866327  -0.025269   0.005014   2.067025   0.249478   0.001735  -4.636905   0.044248   0.022528  -0.015717   0.048218
   0.296706   1.459267   1.972329   0.912068  -0.784716  -0.834739   0.191202  -0.221950   0.867565  -0.028497   0.005735   2.063718   0.247331   0.002080  -4.648345   0.044099   0.022416  -0.018789   0.048752
   0.314159   1.456227   1.968991   0.913579  -0.783290  -0.833419   0.204220  -0.226241   0.868911  -0.031911   0.006513   2.060216   0.244993   0.002468  -4.735920   0.044430   0.022295  -0.021944   0.049811
   0.331613   1.453014   1.965478   0.915183  -0.781690  -0.831922   0.217379  -0.230673   0.870347  -0.035510   0.007350   2.056521   0.242496   0.002901  -4.729504   0.044132   0.022166  -0.025420   0.050313
   0.349066   1.449628   1.961791   0.916882  -0.779913  -0.830247   0.230475  -0.235043   0.871874  -0.039292   0.008247   2.052634   0.239835   0.003381  -4.765528   0.044101   0.022031  -0.029021   0.051136
   0.366519   1.446070   1.957906   0.918690  -0.777945  -0.828380   0.243722  -0.239563   0.873505  -0.043254   0.009205   2.048558   0.236988   0.003911  -4.785966   0.043952   0.021887  -0.032826   0.051902
   0.383972   1.442341   1.953857   0.920593  -0.775801  -0.826334   0.256888  -0.244002   0.875228  -0.047395   0.010227   2.044293   0.233975   0.004492  -4.790136   0.043678   0.021737  -0.036843   0.052611
   0.401426   1.438441   1.949623   0.922604  -0.773469  -0.824099   0.270214  -0.248601   0.877055  -0.051712   0.011312   2.039841   0.230775   0.005127  -4.816357   0.043537   0.021579  -0.041000   0.053511
   0.418879   1.434371   1.945216   0.924720  -0.770951  -0.821677   0.283451  -0.253112   0.878983  -0.056203   0.012463   2.035206   0.227389   0.005817  -4.824252   0.043258   0.021414  -0.045370   0.054342
   0.436332   1.430131   1.940639   0.926945  -0.768245  -0.819065   0.296850  -0.257784   0.881015  -0.060864   0.013680   2.030388   0.223813   0.006565  -4.839878   0.043016   0.021242  -0.049898   0.055274
   0.453786   1.425723   1.935887   0.929283  -0.765347  -0.816259   0.310157  -0.262365   0.883155  -0.065694   0.014965   2.025390   0.220037   0.007373  -4.851388   0.042730   0.021062  -0.054611   0.056233
   0.471239   1.421147   1.930971   0.931733  -0.762258  -0.813261   0.323625  -0.267106   0.885403  -0.070689   0.016320   2.020215   0.216061   0.008242  -4.861119   0.042418   0.020876  -0.059493   0.057233
   0.488692   1.416403   1.925885   0.934302  -0.758973  -0.810065   0.336997  -0.271752   0.887766  -0.075846   0.017744   2.014865   0.211872   0.009175  -4.872500   0.042101   0.020683  -0.064545   0.058300
   0.506145   1.411494   1.920640   0.936989  -0.755492  -0.806671   0.350532  -0.276560   0.890242  -0.081162   0.019239   2.009342   0.207470   0.010173  -4.880123   0.041744   0.020483  -0.069764   0.059397
   0.523599   1.406419   1.915231   0.939801  -0.751811  -0.803075   0.363967  -0.281268   0.892837  -0.086634   0.020806   2.003650   0.202842   0.011237  -4.890304   0.041390   0.020275  -0.075145   0.060569
   0.541052   1.401180   1.909665   0.942739  -0.747927  -0.799275   0.377566  -0.286141   0.895554  -0.092259   0.022446   1.997791   0.197984   0.012370  -4.896634   0.040995   0.020061  -0.080688   0.061774
   0.558505   1.395778   1.903945   0.945808  -0.743839  -0.795269   0.391059  -0.290907   0.898395  -0.098033   0.024160   1.991769   0.192887   0.013573  -4.904831   0.040598   0.019841  -0.086388   0.063052
   0.575959   1.390213   1.898070   0.949011  -0.739543  -0.791053   0.404721  -0.295843   0.901365  -0.103952   0.025948   1.985585   0.187540   0.014847  -4.911092   0.040174   0.019613  -0.092239   0.064376
   0.593412   1.384488   1.892050   0.952352  -0.735037  -0.786624   0.418269  -0.300664   0.904468  -0.110013   0.027811   1.979244   0.181938   0.016193  -4.917009   0.039733   0.019379  -0.098246   0.065762
   0.610865   1.378603   1.885880   0.955836  -0.730315  -0.781979   0.431992  -0.305660   0.907708  -0.116211   0.029750   1.972750   0.176067   0.017613  -4.923375   0.039281   0.019139  -0.104391   0.067210
   0.628319   1.372560   1.879570   0.959467  -0.725376  -0.777114   0.445593  -0.310534   0.911089  -0.122544   0.031765   1.966104   0.169918   0.019108  -4.927865   0.038803   0.018892  -0.110687   0.068712
   0.645772   1.366360   1.873121   0.963251  -0.720216  -0.772026   0.459374  -0.315588   0.914615  -0.129006   0.033857   1.959312   0.163479   0.020679  -4.932956   0.038315   0.018639  -0.117114   0.070280
   0.663225   1.360003   1.866535   0.967193  -0.714830  -0.766710   0.473024  -0.320512   0.918294  -0.135594   0.036026   1.952376   0.156737   0.022327  -4.937204   0.037808   0.018380  -0.123682   0.071909
   0.680678   1.353493   1.859818   0.971298  -0.709214  -0.761163   0.486861  -0.325622   0.922128  -0.142303   0.038273   1.945301   0.149680   0.024053  -4.941072   0.037286   0.018114  -0.130376   0.073600
   0.698132   1.346829   1.852972   0.975572  -0.703364  -0.755379   0.500558  -0.330593   0.926125  -0.149129   0.040596   1.938090   0.142292   0.025857  -4.944672   0.036749   0.017843  -0.137200   0.075356
   0.715585   1.340014   1.846002   0.980023  -0.697275  -0.749354   0.514448  -0.335756   0.930291  -0.156068   0.042998   1.930747   0.134559   0.027740  -4.947525   0.036195   0.017566  -0.144142   0.077172
   0.733038   1.333048   1.838911   0.984657  -0.690942  -0.743084   0.528189  -0.340770   0.934631  -0.163115   0.045477   1.923278   0.126465   0.029702  -4.950612   0.035630   0.017283  -0.151206   0.079058
   0.750492   1.325935   1.831705   0.989482  -0.684360  -0.736562   0.542129  -0.345984   0.939154  -0.170264   0.048033   1.915685   0.117990   0.031744  -4.953145   0.035050   0.016994  -0.158378   0.081006
   0.767945   1.318675   1.824386   0.994504  -0.677523  -0.729783   0.555910  -0.351038   0.943867  -0.177512   0.050666   1.907973   0.109116   0.033866  -4.954674   0.034452   0.016700  -0.165665   0.083017
   0.785398   1.311269   1.816958   0.999734  -0.670425  -0.722741   0.569898  -0.356300   0.948777  -0.184853   0.053377   1.900148   0.099822   0.036069  -4.956387   0.033843   0.016400  -0.173048   0.085094
   0.802851   1.303720   1.809428   1.005180  -0.663060  -0.715429   0.583716  -0.361391   0.953894  -0.192283   0.056163   1.892213   0.090086   0.038351  -4.958419   0.033225   0.016095  -0.180535   0.087242
   0.820305   1.296030   1.801800   1.010853  -0.655419  -0.707840   0.597749  -0.366697   0.959228  -0.199796   0.059026   1.884173   0.079881   0.040714  -4.959420   0.032590   0.015785  -0.188111   0.089449
   0.837758   1.288200   1.794076   1.016763  -0.647497  -0.699967   0.611597  -0.371818   0.964788  -0.207386   0.061964   1.876034   0.069184   0.043156  -4.959439   0.031940   0.015470  -0.195782   0.091721
   0.855211   1.280232   1.786262   1.022921  -0.639285  -0.691803   0.625670  -0.377165   0.970585  -0.215050   0.064976   1.867799   0.057964   0.045678  -4.959691   0.031280   0.015150  -0.203530   0.094057
   0.872665   1.272127   1.778364   1.029340  -0.630774  -0.683337   0.639545  -0.382313   0.976632  -0.222781   0.068061   1.859475   0.046191   0.048278  -4.960427   0.030613   0.014825  -0.211360   0.096465
   0.890118   1.263889   1.770386   1.036034  -0.621955  -0.674561   0.653654  -0.387696   0.982941  -0.230574   0.071219   1.851066   0.033827   0.050956  -4.960667   0.029934   0.014496  -0.219257   0.098932
   0.907571   1.255518   1.762334   1.043018  -0.612819  -0.665466   0.667547  -0.392862   0.989527  -0.238424   0.074448   1.842579   0.020837   0.053712  -4.959507   0.029239   0.014162  -0.227230   0.101460
   0.925025   1.247017   1.754212   1.050306  -0.603355  -0.656040   0.681685  -0.398274   0.996403  -0.246324   0.077747   1.834018   0.007182   0.056543  -4.958023   0.028534   0.013824  -0.235257   0.104048
   0.942478   1.238388   1.746025   1.057917  -0.593552  -0.646274   0.695588  -0.403449   1.003586  -0.254269   0.081115   1.825388  -0.007185   0.059450  -4.956634   0.027821   0.013481  -0.243346   0.106702
   0.959931   1.229633   1.737780   1.065869  -0.583397  -0.636153   0.709750  -0.408885   1.011096  -0.262253   0.084549   1.816697  -0.022315   0.062430  -4.955443   0.027101   0.013135  -0.251478   0.109416
   0.977384   1.220754   1.729482   1.074185  -0.572876  -0.625663   0.723651  -0.414060   1.018952  -0.270271   0.088047   1.807949  -0.038263   0.065481  -4.954464   0.026375   0.012785  -0.259659   0.112193
   0.994838   1.211754   1.721137   1.082887  -0.561974  -0.614791   0.737825  -0.419507   1.027177  -0.278316   0.091609   1.799151  -0.055092   0.068603  -4.952203   0.025636   0.012431  -0.267874   0.115022
   1.012291   1.202633   1.712750   1.091999  -0.550677  -0.603521   0.751709  -0.424664   1.035791  -0.286382   0.095231   1.790309  -0.072864   0.071793  -4.948736   0.024885   0.012074  -0.276129   0.117906
   1.029744   1.193396   1.704327   1.101548  -0.538967  -0.591837   0.765881  -0.430109   1.044822  -0.294463   0.098912   1.781429  -0.091654   0.075049  -4.945194   0.024128   0.011714  -0.284402   0.120842
   1.047198   1.184043   1.695874   1.111564  -0.526827  -0.579719   0.779729  -0.435231   1.054299  -0.302553   0.102649   1.772518  -0.111547   0.078369  -4.941602   0.023366   0.011351  -0.292702   0.123836
   1.064651   1.174577   1.687399   1.122083  -0.514234  -0.567146   0.793884  -0.440659   1.064255  -0.310646   0.106438   1.763581  -0.132638   0.081750  -4.938066   0.022599   0.010984  -0.301007   0.126878
   1.082104   1.165002   1.678906   1.133143  -0.501165  -0.554095   0.807673  -0.445722   1.074725  -0.318735   0.110278   1.754627  -0.155035   0.085189  -4.935176   0.021829   0.010615  -0.309324   0.129974
   1.099557   1.155318   1.670404   1.144788  -0.487593  -0.540539   0.821785  -0.451107   1.085753  -0.326814   0.114164   1.745662  -0.178859   0.088684  -4.931505   0.021052   0.010244  -0.317636   0.133111
   1.117011   1.145528   1.661897   1.157062  -0.473493  -0.526453   0.835473  -0.456068   1.097378  -0.334876   0.118095   1.736694  -0.204239   0.092230  -4.925097   0.020263   0.009870  -0.325952   0.136286
   1.134464   1.135635   1.653395   1.170014  -0.458838  -0.511809   0.849504  -0.461373   1.109650  -0.342914   0.122064   1.727728  -0.231323   0.095825  -4.918544   0.019470   0.009494  -0.334246   0.139499
   1.151917   1.125642   1.644903   1.183706  -0.443590  -0.496570   0.863047  -0.466189   1.122626  -0.350922   0.126070   1.718774  -0.260289   0.099464  -4.912165   0.018676   0.009117  -0.342528   0.142753
   1.169371   1.115550   1.636428   1.198206  -0.427713  -0.480699   0.876955  -0.471370   1.136370  -0.358894   0.130107   1.709839  -0.291338   0.103143  -4.905016   0.017879   0.008737  -0.350775   0.146036
   1.186824   1.105363   1.627979   1.213593  -0.411161  -0.464151   0.890286  -0.475975   1.150958  -0.366821   0.134171   1.700931  -0.324705   0.106857  -4.898837   0.017083   0.008357  -0.358994   0.149355
   1.204277   1.095082   1.619565   1.229959  -0.393882  -0.446874   0.904004  -0.480966   1.166478  -0.374698   0.138256   1.692058  -0.360671   0.110602  -4.894086   0.016290   0.007975  -0.367161   0.152698
   1.221730   1.084711   1.611192   1.247410  -0.375819  -0.428811   0.917014  -0.485250   1.183028  -0.382516   0.142357   1.683228  -0.399556   0.114372  -4.886030   0.015488   0.007592  -0.375292   0.156057
   1.239184   1.074252   1.602869   1.266049  -0.356920  -0.409909   0.930420  -0.489929   1.200709  -0.390270   0.146469   1.674452  -0.441702   0.118160  -4.873763   0.014677   0.007209  -0.383363   0.159419
   1.256637   1.063708   1.594604   1.286012  -0.337115  -0.390098   0.942952  -0.493734   1.219648  -0.397951   0.150584   1.665738  -0.487542   0.121962  -4.861224   0.013868   0.006825  -0.391378   0.162796
   1.274090   1.053081   1.586408   1.307463  -0.316318  -0.369294   0.955907  -0.497962   1.240001  -0.405552   0.154696   1.657097  -0.537603   0.125768  -4.848293   0.013062   0.006442  -0.399313   0.166172
   1.291544   1.042374   1.578289   1.330602  -0.294426  -0.347393   0.967745  -0.501074   1.261959  -0.413066   0.158797   1.648537  -0.592541   0.129572  -4.841258   0.012272   0.006059  -0.407171   0.169560
   1.308997   1.031590   1.570260   1.355693  -0.271301  -0.324255   0.980009  -0.504611   1.285771  -0.420484   0.162877   1.640070  -0.653208   0.133365  -4.835621   0.011486   0.005676  -0.414931   0.172931
   1.326450   1.020731   1.562330   1.382991  -0.246824  -0.299764   0.990707  -0.506582   1.311680  -0.427800   0.166928   1.631707  -0.720505   0.137137  -4.816932   0.010681   0.005294  -0.422618   0.176267
   1.343904   1.009801   1.554508   1.412787  -0.220871  -0.273794   1.001799  -0.508948   1.339962  -0.435005   0.170937   1.623462  -0.795499   0.140876  -4.788961   0.009871   0.004913  -0.430195   0.179557
   1.361357   0.998802   1.546809   1.445500  -0.193244  -0.246148   1.010687  -0.509109   1.371015  -0.442092   0.174893   1.615345  -0.879682   0.144571  -4.765011   0.009078   0.004535  -0.437668   0.182820
   1.378810   0.987737   1.539248   1.481741  -0.163647  -0.216529   1.020008  -0.509703   1.405418  -0.449052   0.178782   1.607373  -0.975200   0.148207  -4.771034   0.008332   0.004159  -0.444987   0.186055
   1.396263   0.976609   1.531839   1.522361  -0.131667  -0.184526   1.025697  -0.506666   1.443980  -0.455877   0.182585   1.599560  -1.085079   0.151766  -4.750923   0.007557   0.003783  -0.452210   0.189192
   1.413717   0.965420   1.524595   1.567880  -0.097169  -0.150002   1.031561  -0.503803   1.487195  -0.462560   0.186284   1.591922  -1.211748   0.155229  -4.689797   0.006754   0.003412  -0.459299   0.192199
   1.431170   0.954173   1.517522   1.619622  -0.059563  -0.112368   1.030686  -0.494202   1.536317  -0.469093   0.189847   1.584480  -1.360269   0.158565  -4.535071   0.005897   0.003046  -0.466296   0.195038
   1.448623   0.942872   1.510671   1.679718  -0.017888  -0.070663   1.031765  -0.486554   1.593370  -0.475467   0.193251   1.577254  -1.538829   0.161749  -4.673010   0.005293   0.002681  -0.472992   0.197930
   1.466077   0.931519   1.504112   1.766803   0.038003  -0.014739   1.008797  -0.454859   1.676034  -0.481656   0.196419   1.570301  -1.809089   0.164707  -3.646825   0.003942   0.002250  -0.479924   0.199960
   1.483530   0.920118   1.497712   1.800000   0.062068   0.009362   0.963498  -0.400834   1.707585  -0.487764   0.199211   1.563585  -1.915846   0.167293  -0.003770   0.002830   0.002096  -0.486660   0.201816
   1.500983   0.908670   1.491359   1.800000   0.067625   0.014956   0.936831  -0.365440   1.707648  -0.493982   0.201705   1.556885  -1.916063   0.169578  -0.003791   0.002800   0.002074  -0.492982   0.204321
   1.518436   0.897179   1.484973   1.800000   0.073290   0.020660   0.917935  -0.337818   1.707716  -0.500300   0.204020   1.550157  -1.916293   0.171682  -0.003839   0.002771   0.002052  -0.499382   0.206634
   1.535890   0.885649   1.478569   1.800000   0.079064   0.026475   0.904628  -0.315784   1.707787  -0.506695   0.206186   1.543405  -1.916536   0.173637  -0.003982   0.002741   0.002030  -0.505844   0.208792
   1.553343   0.874081   1.472142   1.800000   0.084947   0.032403   0.892596  -0.295025   1.707862  -0.513155   0.208221   1.536632  -1.916792   0.175459  -0.004117   0.002711   0.002008  -0.512367   0.210815
   1.570796   0.862479   1.465697   1.800000   0.090942   0.038444   0.883695  -0.277397   1.707941  -0.519672   0.210138   1.529839  -1.917061   0.177165  -0.004245   0.002681   0.001985  -0.518938   0.212717
   1.588250   0.850846   1.459234   1.800000   0.097050   0.044600   0.875128  -0.260104   1.708023  -0.526239   0.211946   1.523028  -1.917343   0.178761  -0.004367   0.002651   0.001963  -0.525557   0.214508
   1.605703   0.839185   1.452756   1.800000   0.103272   0.050873   0.868686  -0.244935   1.708109  -0.532849   0.213651   1.516201  -1.917637   0.180254  -0.004482   0.002620   0.001940  -0.532214   0.216193
   1.623156   0.827499   1.446263   1.800000   0.109610   0.057263   0.862274  -0.229797   1.708199  -0.539499   0.215259   1.509360  -1.917944   0.181651  -0.004591   0.002590   0.001918  -0.538909   0.217781
   1.640609   0.815791   1.439759   1.800000   0.116064   0.063772   0.857448  -0.216244   1.708292  -0.546183   0.216775   1.502506  -1.918263   0.182956  -0.004694   0.002559   0.001895  -0.545634   0.219274
   1.658063   0.804064   1.433244   1.800000   0.122638   0.070402   0.852520  -0.202590   1.708390  -0.552898   0.218202   1.495642  -1.918595   0.184172  -0.004791   0.002528   0.001872  -0.552389   0.220678
   1.675516   0.792321   1.426720   1.800000   0.129331   0.077155   0.848847  -0.190189   1.708490  -0.559639   0.219542   1.488768  -1.918939   0.185303  -0.004882   0.002497   0.001849  -0.559167   0.221994
   1.692969   0.780565   1.420189   1.800000   0.136146   0.084031   0.845006  -0.177622   1.708594  -0.566404   0.220800   1.481887  -1.919295   0.186352  -0.004967   0.002466   0.001826  -0.565968   0.223227
   1.710423   0.768799   1.413652   1.800000   0.143085   0.091032   0.842195  -0.166084   1.708702  -0.573189   0.221978   1.475001  -1.919663   0.187320  -0.005047   0.002434   0.001803  -0.572786   0.224378
   1.727876   0.757026   1.407111   1.800000   0.150149   0.098161   0.839181  -0.154344   1.708813  -0.579990   0.223077   1.468111  -1.920044   0.188211  -0.005121   0.002403   0.001779  -0.579621   0.225451
   1.745329   0.745249   1.400569   1.800000   0.157340   0.105419   0.837037  -0.143473   1.708928  -0.586805   0.224099   1.461220  -1.920436   0.189025  -0.005189   0.002371   0.001756  -0.586466   0.226446
   1.762783   0.733472   1.394026   1.800000   0.164659   0.112808   0.834669  -0.132378   1.709046  -0.593632   0.225046   1.454328  -1.920839   0.189765  -0.005253   0.002339   0.001732  -0.593323   0.227365
   1.780236   0.721697   1.387484   1.800000   0.172109   0.120329   0.833050  -0.122032   1.709168  -0.600466   0.225920   1.447439  -1.921255   0.190431  -0.005311   0.002308   0.001709  -0.600185   0.228211
   1.797689   0.709927   1.380946   1.800000   0.179692   0.127985   0.831194  -0.111450   1.709293  -0.607305   0.226722   1.440553  -1.921682   0.191026  -0.005363   0.002276   0.001685  -0.607052   0.228984
   1.815142   0.698165   1.374411   1.800000   0.187410   0.135778   0.829993  -0.101522   1.709421  -0.614147   0.227453   1.433672  -1.922120   0.191551  -0.005411   0.002244   0.001661  -0.613919   0.229685
   1.832596   0.686415   1.367883   1.800000   0.195264   0.143709   0.828547  -0.091350   1.709552  -0.620988   0.228115   1.426798  -1.922570   0.192006  -0.005454   0.002212   0.001638  -0.620786   0.230317
   1.850049   0.674679   1.361364   1.800000   0.203258   0.151781   0.827682  -0.081758   1.709687  -0.627827   0.228708   1.419934  -1.923030   0.192393  -0.005492   0.002179   0.001614  -0.627649   0.230880
   1.867502   0.662961   1.354853   1.800000   0.211392   0.159997   0.826566  -0.071915   1.709825  -0.634661   0.229234   1.413080  -1.923502   0.192712  -0.005526   0.002147   0.001590  -0.634506   0.231376
   1.884956   0.651263   1.348354   1.800000   0.219670   0.168357   0.825969  -0.062591   1.709966  -0.641487   0.229694   1.406239  -1.923985   0.192964  -0.005555   0.002115   0.001566  -0.641354   0.231805
   1.902409   0.639588   1.341869   1.800000   0.228094   0.176865   0.825116  -0.053012   1.710111  -0.648302   0.230088   1.399412  -1.924478   0.193151  -0.005579   0.002082   0.001542  -0.648192   0.232168
   1.919862   0.627940   1.335397   1.800000   0.236666   0.185524   0.824731  -0.043900   1.710258  -0.655105   0.230418   1.392601  -1.924982   0.193273  -0.005599   0.002050   0.001518  -0.655015   0.232466
   1.937315   0.616322   1.328943   1.800000   0.245389   0.194335   0.824086  -0.034529   1.710408  -0.661893   0.230684   1.385808  -1.925496   0.193330  -0.005614   0.002018   0.001494  -0.661823   0.232701
   1.954769   0.604736   1.322506   1.800000   0.254266   0.203301   0.823867  -0.025583   1.710561  -0.668663   0.230888   1.379034  -1.926020   0.193324  -0.005625   0.001985   0.001470  -0.668613   0.232872
   1.972222   0.593186   1.316089   1.800000   0.263299   0.212426   0.823383  -0.016373   1.710718  -0.675414   0.231030   1.372282  -1.926555   0.193255  -0.005632   0.001952   0.001446  -0.675382   0.232982
   1.989675   0.581674   1.309694   1.800000   0.272492   0.221711   0.823287  -0.007550   1.710877  -0.682142   0.231110   1.365553  -1.927100   0.193123  -0.005635   0.001920   0.001422  -0.682128   0.233030
   2.007129   0.570203   1.303321   1.800000   0.281846   0.231160   0.822923   0.001541   1.711039  -0.688847   0.231130   1.358849  -1.927654   0.192930  -0.005634   0.001887   0.001398  -0.688849   0.233018
   2.024582   0.558777   1.296973   1.800000   0.291366   0.240776   0.822914   0.010276   1.711204  -0.695524   0.231091   1.352171  -1.928218   0.192675  -0.005629   0.001855   0.001373  -0.695543   0.232945
   2.042035   0.547398   1.290652   1.800000   0.301054   0.250562   0.822633   0.019284   1.711371  -0.702172   0.230992   1.345522  -1.928791   0.192359  -0.005620   0.001822   0.001349  -0.702208   0.232814
   2.059489   0.536070   1.284358   1.800000   0.310914   0.260521   0.822677   0.027967   1.711541  -0.708790   0.230836   1.338903  -1.929374   0.191983  -0.005607   0.001790   0.001325  -0.708840   0.232625
   2.076942   0.524794   1.278094   1.800000   0.320949   0.270657   0.822444   0.036926   1.711714  -0.715374   0.230622   1.332315  -1.929966   0.191548  -0.005591   0.001757   0.001301  -0.715439   0.232378
   2.094395   0.513575   1.271861   1.800000   0.331162   0.280973   0.822510   0.045587   1.711890  -0.721922   0.230352   1.325761  -1.930567   0.191053  -0.005571   0.001724   0.001277  -0.722001   0.232075
   2.111848   0.502415   1.265661   1.800000   0.341558   0.291473   0.822294   0.054529   1.712068  -0.728433   0.230026   1.319242  -1.931176   0.190499  -0.005547   0.001692   0.001253  -0.728526   0.231715
   2.129302   0.491316   1.259495   1.800000   0.352140   0.302161   0.822353   0.063197   1.712248  -0.734904   0.229645   1.312760  -1.931794   0.189887  -0.005520   0.001659   0.001229  -0.735009   0.231301
   2.146755   0.480282   1.253365   1.800000   0.362912   0.313040   0.822124   0.072153   1.712431  -0.741333   0.229209   1.306316  -1.932421   0.189217  -0.005489   0.001627   0.001205  -0.741451   0.230831
   2.164208   0.469315   1.247272   1.800000   0.373879   0.324114   0.822146   0.080857   1.712617  -0.747718   0.228719   1.299913  -1.933056   0.188489  -0.005456   0.001595   0.001181  -0.747847   0.230309
   2.181662   0.458419   1.241219   1.800000   0.385044   0.335389   0.821873   0.089857   1.712804  -0.754057   0.228177   1.293551  -1.933699   0.187704  -0.005419   0.001562   0.001157  -0.754197   0.229733
   2.199115   0.447596   1.235206   1.800000   0.396412   0.346868   0.821832   0.098625   1.712994  -0.760348   0.227582   1.287232  -1.934349   0.186862  -0.005379   0.001530   0.001133  -0.760499   0.229105
   2.216568   0.436848   1.229235   1.800000   0.407988   0.358556   0.821487   0.107697   1.713186  -0.766588   0.226936   1.280958  -1.935007   0.185964  -0.005335   0.001498   0.001109  -0.766749   0.228425
   2.234021   0.426179   1.223308   1.800000   0.419776   0.370458   0.821353   0.116557   1.713381  -0.772777   0.226240   1.274731  -1.935673   0.185010  -0.005289   0.001465   0.001085  -0.772947   0.227695
   2.251475   0.415591   1.217425   1.800000   0.431783   0.382579   0.820905   0.125732   1.713577  -0.778910   0.225493   1.268552  -1.936346   0.183999  -0.005240   0.001433   0.001061  -0.779090   0.226915
   2.268928   0.405087   1.211590   1.800000   0.444012   0.394924   0.820649   0.134714   1.713775  -0.784988   0.224697   1.262422  -1.937026   0.182934  -0.005188   0.001401   0.001038  -0.785176   0.226086
   2.286381   0.394670   1.205803   1.800000   0.456470   0.407499   0.820069   0.144021   1.713976  -0.791007   0.223853   1.256344  -1.937713   0.181813  -0.005133   0.001369   0.001014  -0.791204   0.225208
   2.303835   0.384342   1.200065   1.800000   0.469162   0.420309   0.819662   0.153155   1.714178  -0.796967   0.222961   1.250318  -1.938407   0.180638  -0.005075   0.001338   0.000991  -0.797171   0.224283
   2.321288   0.374105   1.194378   1.800000   0.482094   0.433360   0.818917   0.162627   1.714382  -0.802864   0.222022   1.244347  -1.939107   0.179408  -0.005015   0.001306   0.000967  -0.803075   0.223311
   2.338741   0.363963   1.188743   1.800000   0.495273   0.446659   0.818326   0.171944   1.714588  -0.808697   0.221037   1.238432  -1.939813   0.178124  -0.004952   0.001274   0.000944  -0.808915   0.222293
   2.356194   0.353918   1.183163   1.800000   0.508705   0.460212   0.817383   0.181614   1.714796  -0.814464   0.220007   1.232573  -1.940525   0.176786  -0.004887   0.001243   0.000920  -0.814688   0.221229
   2.373648   0.343972   1.177637   1.800000   0.522397   0.474027   0.816574   0.191149   1.715005  -0.820163   0.218932   1.226774  -1.941243   0.175394  -0.004819   0.001211   0.000897  -0.820393   0.220122
   2.391101   0.334128   1.172169   1.800000   0.536357   0.488109   0.815397   0.201053   1.715216  -0.825792   0.217814   1.221034  -1.941967   0.173948  -0.004749   0.001180   0.000874  -0.826028   0.218971
   2.408554   0.324389   1.166757   1.800000   0.550591   0.502468   0.814333   0.210844   1.715429  -0.831350   0.216653   1.215356  -1.942696   0.172449  -0.004676   0.001149   0.000851  -0.831591   0.217777
   2.426008   0.314756   1.161406   1.800000   0.565108   0.517110   0.812881   0.221022   1.715643  -0.836835   0.215450   1.209741  -1.943430   0.170897  -0.004601   0.001118   0.000828  -0.837080   0.216541
   2.443461   0.305232   1.156115   1.800000   0.579917   0.532043   0.811522   0.231108   1.715858  -0.842244   0.214206   1.204191  -1.944169   0.169292  -0.004524   0.001087   0.000805  -0.842493   0.215265
   2.460914   0.295820   1.150887   1.800000   0.595025   0.547278   0.809753   0.241604   1.716075  -0.847577   0.212922   1.198706  -1.944913   0.167633  -0.004445   0.001057   0.000783  -0.847830   0.213948
   2.478368   0.286522   1.145721   1.800000   0.610442   0.562822   0.808052   0.252031   1.716293  -0.852831   0.211598   1.193288  -1.945661   0.165922  -0.004364   0.001026   0.000760  -0.853086   0.212592
   2.495821   0.277340   1.140620   1.800000   0.626178   0.578686   0.805916   0.262894   1.716512  -0.858004   0.210236   1.187938  -1.946414   0.164157  -0.004281   0.000996   0.000738  -0.858263   0.211198
   2.513274   0.268277   1.135584   1.800000   0.642244   0.594880   0.803824   0.273713   1.716732  -0.863095   0.208837   1.182658  -1.947170   0.162339  -0.004196   0.000966   0.000715  -0.863356   0.209767
   2.530727   0.259334   1.130616   1.800000   0.658648   0.611413   0.801265   0.284998   1.716954  -0.868102   0.207401   1.177449  -1.947931   0.160468  -0.004108   0.000936   0.000693  -0.868365   0.208299
   2.548181   0.250514   1.125716   1.800000   0.675404   0.628299   0.798722   0.296268   1.717176  -0.873023   0.205929   1.172313  -1.948695   0.158543  -0.004020   0.000906   0.000671  -0.873288   0.206796
   2.565634   0.241818   1.120886   1.800000   0.692523   0.645548   0.795677   0.308040   1.717400  -0.877857   0.204422   1.167249  -1.949462   0.156564  -0.003929   0.000877   0.000649  -0.878123   0.205258
   2.583087   0.233250   1.116125   1.800000   0.710018   0.663173   0.792616   0.319828   1.717624  -0.882602   0.202882   1.162261  -1.950233   0.154530  -0.003836   0.000847   0.000627  -0.882869   0.203686
   2.600541   0.224811   1.111437   1.800000   0.727901   0.681188   0.789011   0.332159   1.717849  -0.887256   0.201309   1.157348  -1.951006   0.152440  -0.003742   0.000818   0.000606  -0.887523   0.202082
   2.617994   0.216503   1.106821   1.800000   0.746188   0.699606   0.785353   0.344544   1.718075  -0.891818   0.199704   1.152512  -1.951782   0.150295  -0.003646   0.000789   0.000584  -0.892085   0.200447
   2.635447   0.208329   1.102281   1.800000   0.764893   0.718443   0.781101   0.357522   1.718302  -0.896286   0.198068   1.147754  -1.952560   0.148092  -0.003549   0.000760   0.000563  -0.896552   0.198780
   2.652900   0.200289   1.097813   1.800000   0.784032   0.737714   0.776753   0.370597   1.718529  -0.900658   0.196402   1.143076  -1.953341   0.145830  -0.003450   0.000732   0.000542  -0.900923   0.197084
   2.670354   0.192386   1.093424   1.800000   0.803623   0.757437   0.771751   0.384326   1.718756  -0.904932   0.194708   1.138477  -1.954124   0.143508  -0.003349   0.000704   0.000521  -0.905196   0.195360
   2.687807   0.184623   1.089109   1.800000   0.823682   0.777629   0.766600   0.398203   1.718985  -0.909108   0.192986   1.133961  -1.954908   0.141123  -0.003247   0.000676   0.000500  -0.909370   0.193608
   2.705260   0.176999   1.084875   1.800000   0.844230   0.798310   0.760723   0.412807   1.719213  -0.913183   0.191236   1.129526  -1.955694   0.138672  -0.003144   0.000648   0.000480  -0.913442   0.191830
   2.722714   0.169519   1.080719   1.800000   0.865287   0.819500   0.754633   0.427623   1.719442  -0.917155   0.189462   1.125175  -1.956481   0.136151  -0.003039   0.000620   0.000459  -0.917412   0.190026
   2.740167   0.162182   1.076642   1.800000   0.886874   0.841221   0.747726   0.443256   1.719671  -0.921024   0.187662   1.120909  -1.957269   0.133555  -0.002933   0.000593   0.000439  -0.921278   0.188198
   2.757620   0.154992   1.072649   1.800000   0.909016   0.863496   0.740528   0.459181   1.719900  -0.924786   0.185840   1.116728  -1.958058   0.130877  -0.002826   0.000566   0.000419  -0.925037   0.186347
   2.775074   0.147949   1.068734   1.800000   0.931737   0.886350   0.732399   0.476037   1.720130  -0.928442   0.183994   1.112633  -1.958847   0.128106  -0.002717   0.000539   0.000399  -0.928689   0.184473
   2.792527   0.141055   1.064906   1.800000   0.955064   0.909811   0.723878   0.493285   1.720359  -0.931988   0.182127   1.108626  -1.959637   0.125228  -0.002607   0.000512   0.000380  -0.932230   0.182579
   2.809980   0.134312   1.061161   1.800000   0.979026   0.933906   0.714279   0.511610   1.720589  -0.935423   0.180240   1.104706  -1.960426   0.122218  -0.002496   0.000486   0.000360  -0.935661   0.180664
   2.827433   0.127721   1.057496   1.800000   1.003655   0.958668   0.704155   0.530461   1.720818  -0.938745   0.178334   1.100876  -1.961216   0.119035  -0.002383   0.000460   0.000341  -0.938978   0.178731
   2.844887   0.121284   1.053923   1.800000   1.028984   0.984130   0.692760   0.550582   1.721048  -0.941953   0.176410   1.097135  -1.962005   0.115559  -0.002269   0.000434   0.000322  -0.942180   0.176780
   2.862340   0.115001   1.050432   1.800000   1.055049   1.010328   0.680659   0.571410   1.721277  -0.945043   0.174468   1.093486  -1.962793   0.111649  -0.002154   0.000409   0.000303  -0.945264   0.174812
   2.879793   0.108876   1.047027   1.800000   1.081890   1.037302   0.667021   0.593775   1.721505  -0.948015   0.172511   1.089927  -1.963580   0.107391  -0.002038   0.000383   0.000284  -0.948230   0.172828
   2.897247   0.102908   1.043715   1.800000   1.109550   1.065095   0.652417   0.617106   1.721734  -0.950866   0.170538   1.086461  -1.964367   0.102957  -0.001920   0.000358   0.000265  -0.951073   0.170831
   2.914700   0.097099   1.040487   1.800000   1.138074   1.093752   0.635892   0.642358   1.721962  -0.953593   0.168552   1.083087  -1.965151   0.098388  -0.001801   0.000334   0.000247  -0.953792   0.168819
   2.932153   0.091450   1.037337   1.800000   1.167515   1.123325   0.618002   0.668974   1.722189  -0.956193   0.166553   1.079807  -1.965935   0.093678  -0.001680   0.000309   0.000229  -0.956385   0.166795
   2.949606   0.085963   1.034279   1.800000   1.197928   1.153869   0.597595   0.698108   1.722416  -0.958664   0.164541   1.076621  -1.966716   0.088843  -0.001558   0.000285   0.000211  -0.958847   0.164760
   2.967060   0.080639   1.031328   1.800000   1.229373   1.185445   0.575136   0.729293   1.722642  -0.961001   0.162519   1.073530  -1.967495   0.083899  -0.001435   0.000261   0.000193  -0.961175   0.162713
   2.984513   0.075478   1.028487   1.800000   1.261918   1.218121   0.549104   0.764051   1.722867  -0.963200   0.160485   1.070535  -1.968272   0.078862  -0.001310   0.000237   0.000176  -0.963364   0.160656
   3.001966   0.070482   1.025714   1.800000   1.295636   1.251970   0.519554   0.802329   1.723092  -0.965256   0.158440   1.067635  -1.969046   0.073749  -0.001183   0.000213   0.000158  -0.965409   0.158588
   3.019420   0.065651   1.023018   1.800000   1.330610   1.287074   0.484050   0.846559   1.723316  -0.967161   0.156384   1.064832  -1.969817   0.068585  -0.001039   0.000190   0.000141  -0.967303   0.156509
   3.036873   0.060987   1.020422   1.800000   1.366931   1.323524   0.438930   0.900406   1.723539  -0.968900   0.154312   1.062127  -1.970586   0.063420  -0.000897   0.000167   0.000123  -0.969031   0.154415
   3.054326   0.056491   1.017913   1.778943   1.392932   1.349654   0.376501   0.971562   1.703595  -0.970456   0.152207   1.059509  -1.902237   0.058315   0.155692   0.000148   0.000110  -0.970578   0.152291
   3.071779   0.052163   1.015427   1.712908   1.394436   1.351286   0.313722   1.043067   1.640568  -0.971834   0.150020   1.056925  -1.691463   0.053275   0.298177   0.000142   0.000106  -0.971956   0.150092
   3.089233   0.048004   1.012941   1.625899   1.383325   1.340302   0.266062   1.099454   1.557432  -0.973075   0.147738   1.054326  -1.425595   0.048239   0.308709   0.000142   0.000107  -0.973202   0.147802
   3.106686   0.044015   1.010433   1.542169   1.373309   1.330413   0.233818   1.140424   1.477415  -0.974220   0.145367   1.051694  -1.182755   0.043125   0.264021   0.000143   0.000107  -0.974350   0.145427
   3.124139   0.040197   1.007899   1.473275   1.372460   1.329690   0.205236   1.177733   1.411591  -0.975279   0.142945   1.049050  -0.992590   0.037931   0.256910   0.000139   0.000104  -0.975407   0.142998
   3.141593   0.036549   1.005365   1.404851   1.371944   1.329299   0.174270   1.217426   1.346201  -0.976243   0.140482   1.046405  -0.812257   0.032689   0.256832   0.000135   0.000101  -0.976370   0.140528
   3.159046   0.033073   1.002830   1.336403   1.371437   1.328916   0.145011   1.255411   1.280770  -0.977111   0.137982   1.043759  -0.640371   0.027415   0.256766   0.000131   0.000098  -0.977236   0.138023
   3.176499   0.029770   1.000293   1.267900   1.370912   1.328515   0.115853   1.293296   1.215268  -0.977884   0.135450   1.041112  -0.476877   0.022117   0.257010   0.000127   0.000095  -0.978006   0.135485
   3.193953   0.026639   0.997754   1.199351   1.370370   1.328096   0.087819   1.330056   1.149706  -0.978563   0.132891   1.038464  -0.321824   0.016797   0.256990   0.000123   0.000092  -0.978682   0.132920
   3.211406   0.023681   0.995215   1.130803   1.369844   1.327691   0.060065   1.366537   1.084127  -0.979147   0.130308   1.035816  -0.175331   0.011443   0.256938   0.000119   0.000089  -0.979263   0.130332
   3.228859   0.020896   0.992676   1.062251   1.369328   1.327296   0.033001   1.402328   1.018528  -0.979637   0.127706   1.033168  -0.037399   0.006173   0.256920   0.000114   0.000086  -0.979750   0.127725
   3.246312   0.018286   0.990137   0.993694   1.368818   1.326905   0.006165   1.437891   0.952907  -0.980035   0.125087   1.030520   0.091969   0.000000   0.256941   0.000110   0.000082  -0.980144   0.125102
   3.263766   0.015849   0.987597   0.925129   1.368304   1.326511  -0.020267   1.473049   0.887261  -0.980340   0.122457   1.027871   0.212768   0.004207   0.256981   0.000105   0.000079  -0.980444   0.122467
   3.281219   0.013587   0.985058   0.856558   1.367785   1.326109  -0.046521   1.508030   0.821594  -0.980552   0.119817   1.025223   0.324983   0.009691   0.257026   0.000100   0.000075  -0.980652   0.119824
   3.298672   0.011498   0.982518   0.787988   1.367259   1.325699  -0.072579   1.542814   0.755910  -0.980672   0.117173   1.022576   0.428599   0.014892   0.257094   0.000095   0.000072  -0.980767   0.117175
   3.316126   0.009585   0.979979   0.719422   1.366723   1.325279  -0.098503   1.577465   0.690215  -0.980700   0.114526   1.019929   0.523603   0.020111   0.257131   0.000090   0.000068  -0.980790   0.114526
   3.333579   0.007845   0.977440   0.650880   1.366196   1.324865  -0.124394   1.612083   0.624528  -0.980637   0.111881   1.017284   0.609965   0.025280   0.257127   0.000085   0.000064  -0.980722   0.111878
   3.351032   0.006281   0.974903   0.582372   1.365686   1.324468  -0.150220   1.646635   0.558856  -0.980482   0.109241   1.014639   0.687680   0.030399   0.257140   0.000080   0.000060  -0.980561   0.109235
   3.368485   0.004890   0.972366   0.513885   1.365170   1.324065  -0.176222   1.681364   0.493190  -0.980236   0.106609   1.011996   0.756764   0.035460   0.257317   0.000074   0.000055  -0.980309   0.106601
   3.385939   0.003674   0.969830   0.445412   1.364614   1.323618  -0.202193   1.716062   0.427521  -0.979899   0.103989   1.009354   0.817225   0.040459   0.257531   0.000068   0.000051  -0.979966   0.103980
   3.403392   0.002632   0.967296   0.376983   1.364062   1.323175  -0.228433   1.751029   0.361880  -0.979471   0.101384   1.006714   0.869043   0.045409   0.257837   0.000061   0.000046  -0.979532   0.101373
   3.420845   0.001764   0.964764   0.308615   1.363558   1.322780  -0.254692   1.786014   0.296283  -0.978953   0.098797   1.004076   0.912216   0.050278   0.257202   0.000061   0.000046  -0.979013   0.098784
   3.438299   0.001069   0.962233   0.240293   1.363059   1.322386  -0.281527   1.821576   0.230716  -0.978344   0.096233   1.001440   0.946770   0.054985   0.257202   0.000061   0.000046  -0.978404   0.096218
   3.455752   0.000548   0.959704   0.172002   1.362447   1.321880  -0.308415   1.857191   0.165164  -0.977646   0.093694   0.998807   0.972721   0.059477   0.257202   0.000061   0.000046  -0.977704   0.093676
   3.473205   0.000199   0.957177   0.103777   1.361788   1.321323  -0.335947   1.893449   0.099661  -0.976857   0.091183   0.996175   0.990068   0.063790   0.257202   0.000061   0.000046  -0.976915   0.091164
   3.490659   0.000024   0.954653   0.035633   1.361125   1.320763  -0.363271   1.929499   0.034223  -0.975978   0.088705   0.993546   0.998829   0.067989   0.257202   0.000061   0.000046  -0.976036   0.088684
   3.508112   0.000020   0.952132  -0.032445   1.361125   1.320863  -0.391709   1.966664  -0.031165  -0.975011   0.086264   0.990920   0.999029   0.072099   0.257202   0.000061   0.000046  -0.975067   0.086241
   3.525565   0.000187   0.949612  -0.100471   1.360635   1.320472  -0.420959   2.004641  -0.096516  -0.973955   0.083865   0.988299   0.990685   0.076143   0.257202   0.000061   0.000046  -0.974010   0.083839
   3.543018   0.000525   0.947097  -0.168385   1.359922   1.319856  -0.450994   2.043402  -0.161772  -0.972808   0.081511   0.985680   0.973830   0.080128   0.257202   0.000061   0.000046  -0.972862   0.081483
   3.560472   0.001034   0.944586  -0.236190   1.359210   1.319240  -0.481277   2.082413  -0.226935  -0.971573   0.079205   0.983065   0.948500   0.084052   0.257202   0.000061   0.000046  -0.971626   0.079176
   3.577925   0.001711   0.942076  -0.303941   1.358700   1.318823  -0.512893   2.122755  -0.292060  -0.970248   0.076954   0.980452   0.914701   0.087912   0.257202   0.000061   0.000046  -0.970300   0.076922
   3.595378   0.002558   0.939567  -0.371689   1.358429   1.318645  -0.545150   2.163739  -0.357192  -0.968836   0.074761   0.977845   0.872414   0.091703   0.258020   0.000061   0.000046  -0.968886   0.074728
   3.612832   0.003573   0.937064  -0.439274   1.357934   1.318241  -0.579809   2.207124  -0.422179  -0.967335   0.072635   0.975241   0.821765   0.095420   0.257492   0.000067   0.000050  -0.967389   0.072595
   3.630285   0.004754   0.934568  -0.506669   1.357264   1.317659  -0.614318   2.250360  -0.486995  -0.965746   0.070578   0.972642   0.762836   0.099061   0.257328   0.000073   0.000055  -0.965803   0.070532
   3.647738   0.006102   0.932075  -0.573976   1.356663   1.317146  -0.651887   2.296655  -0.551736  -0.964069   0.068598   0.970048   0.695587   0.102616   0.257607   0.000079   0.000059  -0.964128   0.068545
   3.665191   0.007615   0.929583  -0.641706   1.356918   1.317486  -0.684155   2.337650  -0.616895  -0.962310   0.066697   0.967458   0.619441   0.106080   0.263509   0.000084   0.000063  -0.962370   0.066639
   3.682645   0.009292   0.927142  -0.722934   1.376040   1.336691  -0.723805   2.386026  -0.695040  -0.960491   0.064891   0.964894   0.516920   0.109419   0.295178   0.000084   0.000063  -0.960548   0.064830
   3.700098   0.011133   0.924746  -0.807247   1.395464   1.356198  -0.793926   2.464874  -0.776163  -0.958609   0.063245   0.962395   0.397571   0.112567   0.279958   0.000085   0.000064  -0.958662   0.063179
   3.717551   0.013135   0.922352  -0.873636   1.391259   1.352072  -0.888966   2.568641  -0.840064  -0.956611   0.061798   0.959927   0.294293   0.115521   0.180600   0.000093   0.000069  -0.956661   0.061720
   3.735005   0.015299   0.919919  -0.900000   1.344219   1.305110  -0.986037   2.674439  -0.865482  -0.954414   0.060547   0.957399   0.250942   0.118334   0.000298   0.000114   0.000084  -0.954465   0.060446
   3.752458   0.017622   0.917336  -0.900000   1.272995   1.233963  -1.050717   2.747846  -0.865547  -0.951974   0.059437   0.954719   0.250828   0.121087   0.000344   0.000143   0.000106  -0.952029   0.059304
   3.769911   0.020104   0.914559  -0.900000   1.206580   1.167622  -1.092787   2.798642  -0.865612  -0.949298   0.058408   0.951852   0.250716   0.123829   0.000416   0.000174   0.000129  -0.949357   0.058244
   3.787364   0.022742   0.911627  -0.900000   1.144374   1.105488  -1.124704   2.839286  -0.865674  -0.946407   0.057444   0.948804   0.250608   0.126556   0.000468   0.000204   0.000151  -0.946467   0.057249
   3.804818   0.025537   0.908562  -0.900000   1.085884   1.047068  -1.149149   2.872457  -0.865735  -0.943309   0.056536   0.945576   0.250503   0.129264   0.000514   0.000235   0.000174  -0.943372   0.056309
   3.822271   0.028486   0.905295  -0.900000   1.030699   0.991951  -1.168125   2.900160  -0.865794  -0.940013   0.055678   0.942170   0.250400   0.131949   0.000556   0.000267   0.000198  -0.940077   0.055418
   3.839724   0.031588   0.901830  -0.900000   0.978473   0.939792  -1.183114   2.923876  -0.865852  -0.936524   0.054864   0.938587   0.250301   0.134608   0.000593   0.000300   0.000222  -0.936589   0.054571
   3.857178   0.034841   0.898198  -0.900000   0.928912   0.890295  -1.194632   2.944120  -0.865907  -0.932847   0.054091   0.934830   0.250205   0.137236   0.000625   0.000333   0.000247  -0.932912   0.053764
   3.874631   0.038245   0.894422  -0.900000   0.881764   0.843209  -1.203693   2.961908  -0.865961  -0.928986   0.053355   0.930900   0.250111   0.139831   0.000653   0.000367   0.000272  -0.929052   0.052994
   3.892084   0.041797   0.890477  -0.900000   0.836813   0.798318  -1.210352   2.977294  -0.866013  -0.924945   0.052654   0.926798   0.250021   0.142389   0.000678   0.000401   0.000297  -0.925011   0.052258
   3.909538   0.045495   0.886364  -0.900000   0.793868   0.755431  -1.215382   2.991050  -0.866063  -0.920727   0.051985   0.922528   0.249934   0.144908   0.000698   0.000437   0.000323  -0.920793   0.051553
   3.926991   0.049339   0.882098  -0.900000   0.752765   0.714384  -1.218657   3.003052  -0.866112  -0.916336   0.051347   0.918090   0.249850   0.147385   0.000715   0.000472   0.000350  -0.916401   0.050879
   3.944444   0.053326   0.877663  -0.900000   0.713358   0.675031  -1.220801   3.013923  -0.866158  -0.911773   0.050736   0.913486   0.249770   0.149817   0.000727   0.000509   0.000377  -0.911838   0.050232
   3.961897   0.057455   0.873079  -0.900000   0.675519   0.637244  -1.221610   3.023458  -0.866203  -0.907042   0.050153   0.908720   0.249692   0.152203   0.000736   0.000546   0.000404  -0.907107   0.049610
   3.979351   0.061723   0.868334  -0.900000   0.639133   0.600907  -1.221612   3.032186  -0.866246  -0.902147   0.049594   0.903792   0.249618   0.154539   0.000742   0.000584   0.000432  -0.902210   0.049014
   3.996804   0.066130   0.863440  -0.900000   0.604098   0.565920  -1.220566   3.039867  -0.866287  -0.897088   0.049058   0.898706   0.249547   0.156824   0.000743   0.000622   0.000461  -0.897151   0.048439
   4.014257   0.070672   0.858391  -0.900000   0.570323   0.532189  -1.218931   3.046959  -0.866326  -0.891870   0.048545   0.893462   0.249479   0.159056   0.000742   0.000661   0.000489  -0.891932   0.047887
   4.031711   0.075349   0.853197  -0.900000   0.537725   0.499634  -1.216453   3.053208  -0.866363  -0.886494   0.048052   0.888064   0.249414   0.161233   0.000736   0.000700   0.000519  -0.886556   0.047354
   4.049164   0.080158   0.847851  -0.900000   0.506230   0.468180  -1.213541   3.059022  -0.866399  -0.880964   0.047578   0.882513   0.249353   0.163354   0.000727   0.000740   0.000548  -0.881025   0.046841
   4.066617   0.085097   0.842365  -0.900000   0.475770   0.437759  -1.209937   3.064145  -0.866432  -0.875282   0.047123   0.876813   0.249295   0.165416   0.000715   0.000780   0.000578  -0.875342   0.046345
   4.084070   0.090164   0.836734  -0.900000   0.446285   0.408310  -1.206009   3.068944  -0.866464  -0.869450   0.046685   0.870965   0.249241   0.167417   0.000699   0.000821   0.000608  -0.869509   0.045865
   4.101524   0.095357   0.830965  -0.900000   0.417718   0.379778  -1.201504   3.073165  -0.866493  -0.863471   0.046262   0.864971   0.249190   0.169357   0.000679   0.000863   0.000639  -0.863530   0.045402
   4.118977   0.100675   0.825056  -0.900000   0.390019   0.352111  -1.196756   3.077144  -0.866521  -0.857348   0.045855   0.858835   0.249142   0.171233   0.000656   0.000905   0.000670  -0.857407   0.044952
   4.136430   0.106114   0.819012  -0.900000   0.363141   0.325262  -1.191519   3.080634  -0.866546  -0.851084   0.045462   0.852558   0.249097   0.173045   0.000629   0.000947   0.000702  -0.851142   0.044517
   4.153884   0.111672   0.812837  -0.900000   0.337040   0.299189  -1.186101   3.083942  -0.866570  -0.844681   0.045082   0.846144   0.249057   0.174789   0.000598   0.000990   0.000733  -0.844738   0.044094
   4.171337   0.117348   0.806529  -0.900000   0.311678   0.273851  -1.180263   3.086831  -0.866592  -0.838141   0.044715   0.839594   0.249019   0.176466   0.000564   0.001033   0.000765  -0.838198   0.043683
   4.188790   0.123139   0.800095  -0.900000   0.287017   0.249213  -1.174291   3.089586  -0.866611  -0.831468   0.044358   0.832911   0.248985   0.178073   0.000526   0.001077   0.000798  -0.831524   0.043283
   4.206243   0.129043   0.793536  -0.900000   0.263025   0.225241  -1.167953   3.091975  -0.866629  -0.824665   0.044012   0.826099   0.248954   0.179608   0.000485   0.001121   0.000830  -0.824720   0.042893
   4.223697   0.135057   0.786853  -0.900000   0.239668   0.201903  -1.161519   3.094267  -0.866645  -0.817733   0.043676   0.819159   0.248927   0.181071   0.000440   0.001166   0.000863  -0.817789   0.042512
   4.241150   0.141179   0.780051  -0.900000   0.216920   0.179170  -1.154763   3.096237  -0.866658  -0.810677   0.043349   0.812095   0.248903   0.182460   0.000391   0.001210   0.000897  -0.810732   0.042140
   4.258603   0.147407   0.773131  -0.900000   0.194751   0.157015  -1.147938   3.098139  -0.866670  -0.803498   0.043030   0.804909   0.248883   0.183774   0.000339   0.001256   0.000930  -0.803552   0.041776
   4.276057   0.153738   0.766096  -0.900000   0.173139   0.135413  -1.140828   3.099756  -0.866680  -0.796200   0.042719   0.797604   0.248867   0.185010   0.000283   0.001301   0.000964  -0.796254   0.041419
   4.293510   0.160170   0.758950  -0.900000   0.152057   0.114341  -1.133672   3.101327  -0.866687  -0.788785   0.042415   0.790183   0.248853   0.186167   0.000223   0.001347   0.000998  -0.788839   0.041068
   4.310963   0.166700   0.751695  -0.900000   0.131486   0.093776  -1.126261   3.102642  -0.866693  -0.781256   0.042116   0.782649   0.248844   0.187244   0.000159   0.001393   0.001032  -0.781311   0.040724
   4.328417   0.173326   0.744333  -0.900000   0.111404   0.073698  -1.118821   3.103929  -0.866696  -0.773617   0.041824   0.775004   0.248837   0.188240   0.000092   0.001440   0.001067  -0.773671   0.040385
   4.345870   0.180044   0.736867  -0.900000   0.091792   0.054088  -1.111151   3.104985  -0.866698  -0.765870   0.041536   0.767252   0.248834   0.189152   0.000021   0.001487   0.001101  -0.765925   0.040050
   4.363323   0.186854   0.729301  -0.900000   0.072632   0.034928  -1.103467   3.106028  -0.866698  -0.758019   0.041253   0.759395   0.248835   0.189980  -0.000054   0.001534   0.001136  -0.758073   0.039720
   4.380776   0.193751   0.721638  -0.900000   0.053907   0.016200  -1.095573   3.106861  -0.866695  -0.750066   0.040973   0.751437   0.248839   0.190720  -0.000133   0.001581   0.001171  -0.750121   0.039393
   4.398230   0.200734   0.713879  -0.900000   0.035601  -0.002111  -1.087677   3.107692  -0.866691  -0.742014   0.040697   0.743381   0.248847   0.191373  -0.000216   0.001629   0.001206  -0.742069   0.039069
   4.415683   0.207799   0.706029  -0.900000   0.017699  -0.020021  -1.079589   3.108330  -0.866684  -0.733867   0.040423   0.735229   0.248858   0.191935  -0.000303   0.001676   0.001242  -0.733922   0.038747
   4.433136   0.214944   0.698090  -0.900000   0.000187  -0.037543  -1.071508   3.108976  -0.866676  -0.725627   0.040152   0.726985   0.248873   0.192406  -0.000394   0.001724   0.001277  -0.725683   0.038428
   4.450590   0.222166   0.690065  -0.900000  -0.016949  -0.054691  -1.063250   3.109444  -0.866665  -0.717298   0.039882   0.718651   0.248891   0.192783  -0.000489   0.001773   0.001313  -0.717355   0.038110
   4.468043   0.229463   0.681958  -0.900000  -0.033722  -0.071478  -1.055007   3.109928  -0.866653  -0.708883   0.039613   0.710232   0.248913   0.193064  -0.000588   0.001821   0.001349  -0.708940   0.037793
   4.485496   0.236831   0.673771  -0.900000  -0.050143  -0.087916  -1.046600   3.110247  -0.866638  -0.700385   0.039346   0.701730   0.248938   0.193247  -0.000690   0.001870   0.001385  -0.700443   0.037477
   4.502949   0.244269   0.665507  -0.900000  -0.066224  -0.104016  -1.038213   3.110587  -0.866622  -0.691807   0.039078   0.693148   0.248967   0.193330  -0.000797   0.001918   0.001421  -0.691867   0.037161
   4.520403   0.251772   0.657170  -0.900000  -0.081975  -0.119789  -1.029673   3.110774  -0.866603  -0.683153   0.038811   0.684490   0.248999   0.193311  -0.000908   0.001967   0.001457  -0.683214   0.036844
   4.537856   0.259339   0.648762  -0.900000  -0.097407  -0.135244  -1.021160   3.110988  -0.866583  -0.674426   0.038543   0.675758   0.249034   0.193187  -0.001024   0.002016   0.001493  -0.674487   0.036527
   4.555309   0.266966   0.640288  -0.900000  -0.112530  -0.150393  -1.012503   3.111057  -0.866560  -0.665628   0.038274   0.666957   0.249073   0.192955  -0.001143   0.002065   0.001530  -0.665691   0.036209
   4.572763   0.274651   0.631749  -0.900000  -0.127352  -0.165243  -1.003876   3.111157  -0.866536  -0.656764   0.038003   0.658088   0.249116   0.192613  -0.001267   0.002114   0.001566  -0.656828   0.035890
   4.590216   0.282390   0.623150  -0.900000  -0.141883  -0.179804  -0.995113   3.111121  -0.866509  -0.647837   0.037731   0.649157   0.249161   0.192156  -0.001395   0.002164   0.001603  -0.647903   0.035569
   4.607669   0.290181   0.614493  -0.900000  -0.156130  -0.194085  -0.986385   3.111119  -0.866481  -0.638849   0.037458   0.640165   0.249211   0.191583  -0.001527   0.002213   0.001639  -0.638917   0.035246
   4.625123   0.298021   0.605782  -0.900000  -0.170102  -0.208092  -0.977528   3.110988  -0.866451  -0.629805   0.037181   0.631117   0.249263   0.190888  -0.001663   0.002262   0.001676  -0.629875   0.034920
   4.642576   0.305907   0.597020  -0.900000  -0.183807  -0.221834  -0.968708   3.110895  -0.866418  -0.620708   0.036902   0.622016   0.249319   0.190068  -0.001804   0.002312   0.001712  -0.620779   0.034592
   4.660029   0.313836   0.588210  -0.900000  -0.197251  -0.235317  -0.959765   3.110679  -0.866384  -0.611561   0.036621   0.612864   0.249378   0.189117  -0.001950   0.002361   0.001749  -0.611634   0.034260
   4.677482   0.321805   0.579356  -0.900000  -0.210442  -0.248550  -0.950862   3.110502  -0.866348  -0.602367   0.036336   0.603666   0.249441   0.188030  -0.002100   0.002411   0.001786  -0.602442   0.033926
   4.694936   0.329811   0.570460  -0.900000  -0.223385  -0.261537  -0.941842   3.110209  -0.866310  -0.593131   0.036047   0.594425   0.249507   0.186801  -0.002254   0.002460   0.001822  -0.593208   0.033588
   4.712389   0.337851   0.561527  -0.900000  -0.236088  -0.274286  -0.932863   3.109957  -0.866270  -0.583854   0.035755   0.585144   0.249576   0.185421  -0.002413   0.002510   0.001859  -0.583934   0.033246
   4.729842   0.345922   0.552559  -0.900000  -0.248557  -0.286803  -0.923772   3.109593  -0.866228  -0.574542   0.035458   0.575827   0.249648   0.183884  -0.002577   0.002559   0.001896  -0.574624   0.032900
   4.747296   0.354021   0.543560  -0.900000  -0.260797  -0.299094  -0.914724   3.109271  -0.866185  -0.565196   0.035158   0.566476   0.249724   0.182176  -0.002745   0.002609   0.001932  -0.565281   0.032550
   4.764749   0.362145   0.534533  -0.900000  -0.272814  -0.311163  -0.905568   3.108842  -0.866139  -0.555822   0.034853   0.557097   0.249803   0.180286  -0.002918   0.002658   0.001969  -0.555909   0.032196
   4.782202   0.370292   0.525481  -0.900000  -0.284612  -0.323016  -0.896455   3.108456  -0.866092  -0.546421   0.034543   0.547691   0.249885   0.178196  -0.003096   0.002708   0.002005  -0.546511   0.031837
   4.799655   0.378457   0.516409  -0.900000  -0.296198  -0.334659  -0.887239   3.107967  -0.866042  -0.536998   0.034228   0.538263   0.249970   0.175883  -0.003279   0.002757   0.002042  -0.537091   0.031473
   4.817109   0.386639   0.507318  -0.900000  -0.307576  -0.346095  -0.878068   3.107522  -0.865991  -0.527557   0.033909   0.528816   0.250059   0.173318  -0.003467   0.002806   0.002078  -0.527652   0.031104
   4.834562   0.394833   0.498213  -0.900000  -0.318750  -0.357331  -0.868796   3.106977  -0.865939  -0.518100   0.033584   0.519354   0.250150   0.170443  -0.003660   0.002855   0.002114  -0.518198   0.030730
   4.852015   0.403037   0.489098  -0.900000  -0.329726  -0.368370  -0.859570   3.106477  -0.865884  -0.508631   0.033253   0.509879   0.250245   0.167176  -0.003858   0.002904   0.002151  -0.508733   0.030351
   4.869469   0.411248   0.479974  -0.900000  -0.340507  -0.379216  -0.850246   3.105879  -0.865828  -0.499153   0.032918   0.500396   0.250342   0.163219  -0.004061   0.002953   0.002187  -0.499259   0.029967
   4.886922   0.419463   0.470846  -0.900000  -0.351098  -0.389874  -0.840968   3.105328  -0.865770  -0.489671   0.032576   0.490907   0.250443   0.158804  -0.004269   0.003001   0.002223  -0.489780   0.029577
   4.904375   0.427679   0.461718  -0.900000  -0.361502  -0.400348  -0.831595   3.104682  -0.865710  -0.480188   0.032229   0.481417   0.250547   0.154247  -0.004483   0.003050   0.002259  -0.480300   0.029181
   4.921828   0.435893   0.452592  -0.900000  -0.371724  -0.410641  -0.822268   3.104082  -0.865648  -0.470706   0.031876   0.471929   0.250653   0.149622  -0.004702   0.003098   0.002294  -0.470823   0.028780
   4.939282   0.444101   0.443471  -0.900000  -0.381768  -0.420757  -0.812849   3.103389  -0.865585  -0.461231   0.031517   0.462447   0.250763   0.144980  -0.004927   0.003147   0.002330  -0.461351   0.028373
   4.956735   0.452301   0.434360  -0.900000  -0.391635  -0.430700  -0.803476   3.102743  -0.865520  -0.451764   0.031153   0.452973   0.250875   0.140351  -0.005157   0.003195   0.002366  -0.451888   0.027960
   4.974188   0.460489   0.425262  -0.900000  -0.401331  -0.440473  -0.794013   3.102007  -0.865453  -0.442310   0.030782   0.443512   0.250990   0.135753  -0.005393   0.003242   0.002401  -0.442439   0.027542
   4.991642   0.468663   0.416180  -0.900000  -0.410859  -0.450079  -0.784597   3.101317  -0.865385  -0.432873   0.030405   0.434067   0.251109   0.131202  -0.005635   0.003290   0.002436  -0.433005   0.027117
   5.009095   0.476820   0.407117  -0.900000  -0.420221  -0.459522  -0.775091   3.100538  -0.865315  -0.423455   0.030022   0.424641   0.251229   0.126706  -0.005883   0.003337   0.002471  -0.423591   0.026687
   5.026548   0.484956   0.398076  -0.900000  -0.429421  -0.468804  -0.765633   3.099807  -0.865244  -0.414060   0.029632   0.415238   0.251353   0.122274  -0.006137   0.003384   0.002506  -0.414201   0.026251
   5.044002   0.493069   0.389062  -0.900000  -0.438461  -0.477929  -0.756087   3.098987  -0.865171  -0.404691   0.029237   0.405862   0.251479   0.117911  -0.006397   0.003431   0.002541  -0.404838   0.025809
   5.061455   0.501155   0.380078  -0.900000  -0.447346  -0.486899  -0.746588   3.098215  -0.865096  -0.395353   0.028835   0.396515   0.251608   0.113621  -0.006664   0.003478   0.002575  -0.395504   0.025360
   5.078908   0.509212   0.371126  -0.900000  -0.456076  -0.495717  -0.737003   3.097357  -0.865020  -0.386049   0.028427   0.387201   0.251740   0.109407  -0.006937   0.003524   0.002609  -0.386205   0.024907
   5.096361   0.517236   0.362210  -0.900000  -0.464655  -0.504386  -0.727466   3.096546  -0.864943  -0.376781   0.028013   0.377925   0.251874   0.105272  -0.007217   0.003570   0.002644  -0.376942   0.024447
   5.113815   0.525225   0.353334  -0.900000  -0.473086  -0.512909  -0.717842   3.095649  -0.864864  -0.367554   0.027593   0.368688   0.252010   0.101218  -0.007504   0.003616   0.002677  -0.367720   0.023981
   5.131268   0.533175   0.344500  -0.900000  -0.481371  -0.521286  -0.708266   3.094800  -0.864783  -0.358371   0.027167   0.359495   0.252150   0.097247  -0.007798   0.003661   0.002711  -0.358543   0.023510
   5.148721   0.541084   0.335713  -0.900000  -0.489512  -0.529522  -0.698606   3.093866  -0.864702  -0.349236   0.026735   0.350350   0.252291   0.093360  -0.008099   0.003706   0.002744  -0.349413   0.023033
   5.166175   0.548948   0.326974  -0.900000  -0.497512  -0.537618  -0.688993   3.092980  -0.864618  -0.340151   0.026297   0.341254   0.252435   0.089557  -0.008408   0.003751   0.002777  -0.340333   0.022551
   5.183628   0.556765   0.318289  -0.900000  -0.505373  -0.545577  -0.679296   3.092009  -0.864534  -0.331121   0.025853   0.332213   0.252582   0.085841  -0.008724   0.003796   0.002810  -0.331309   0.022063
   5.201081   0.564532   0.309659  -0.900000  -0.513096  -0.553400  -0.669646   3.091086  -0.864448  -0.322148   0.025404   0.323229   0.252730   0.082211  -0.009049   0.003840   0.002843  -0.322341   0.021569
   5.218534   0.572246   0.301088  -0.900000  -0.520686  -0.561091  -0.659912   3.090079  -0.864360  -0.313235   0.024949   0.314305   0.252881   0.078668  -0.009382   0.003883   0.002875  -0.313435   0.021071
   5.235988   0.579903   0.292580  -0.900000  -0.528142  -0.568650  -0.650226   3.089120  -0.864272  -0.304388   0.024489   0.305445   0.253034   0.075213  -0.009723   0.003927   0.002907  -0.304594   0.020568
   5.253441   0.587502   0.284137  -0.900000  -0.535468  -0.576079  -0.640457   3.088077  -0.864182  -0.295608   0.024023   0.296653   0.253190   0.071845  -0.010073   0.003969   0.002939  -0.295820   0.020059
   5.270894   0.595039   0.275762  -0.900000  -0.542664  -0.583381  -0.630735   3.087081  -0.864091  -0.286898   0.023552   0.287931   0.253347   0.068565  -0.010433   0.004012   0.002970  -0.287117   0.019546
   5.288348   0.602511   0.267460  -0.900000  -0.549734  -0.590558  -0.620929   3.086002  -0.863998  -0.278264   0.023076   0.279283   0.253507   0.065372  -0.010802   0.004054   0.003001  -0.278489   0.019029
   5.305801   0.609916   0.259232  -0.900000  -0.556679  -0.597611  -0.611171   3.084971  -0.863905  -0.269706   0.022596   0.270712   0.253668   0.062267  -0.011181   0.004096   0.003032  -0.269938   0.018507
   5.323254   0.617250   0.251083  -0.900000  -0.563500  -0.604541  -0.601330   3.083856  -0.863810  -0.261230   0.022111   0.262222   0.253832   0.059250  -0.011571   0.004137   0.003062  -0.261468   0.017981
   5.340708   0.624512   0.243015  -0.900000  -0.570199  -0.611351  -0.591535   3.082788  -0.863715  -0.252837   0.021621   0.253815   0.253997   0.056320  -0.011971   0.004178   0.003093  -0.253082   0.017451
   5.358161   0.631698   0.235030  -0.900000  -0.576778  -0.618042  -0.581657   3.081637  -0.863618  -0.244531   0.021127   0.245495   0.254165   0.053477  -0.012382   0.004218   0.003122  -0.244784   0.016917
   5.375614   0.638805   0.227133  -0.900000  -0.583238  -0.624616  -0.571826   3.080533  -0.863520  -0.236316   0.020630   0.237264   0.254334   0.050721  -0.012806   0.004258   0.003152  -0.236576   0.016380
   5.393067   0.645831   0.219326  -0.900000  -0.589581  -0.631073  -0.561912   3.079345  -0.863421  -0.228195   0.020128   0.229127   0.254505   0.048050  -0.013242   0.004297   0.003181  -0.228462   0.015840
   5.410521   0.652774   0.211613  -0.900000  -0.595808  -0.637417  -0.552044   3.078204  -0.863321  -0.220170   0.019624   0.221086   0.254677   0.045466  -0.013690   0.004336   0.003210  -0.220444   0.015296
   5.427974   0.659629   0.203996  -0.900000  -0.601921  -0.643647  -0.542093   3.076979  -0.863220  -0.212244   0.019116   0.213145   0.254851   0.042967  -0.014153   0.004374   0.003238  -0.212527   0.014751
   5.445427   0.666396   0.196477  -0.900000  -0.607922  -0.649765  -0.532187   3.075800  -0.863118  -0.204422   0.018605   0.205306   0.255027   0.040552  -0.014630   0.004412   0.003266  -0.204712   0.014202
   5.462881   0.673070   0.189060  -0.900000  -0.613811  -0.655773  -0.522198   3.074538  -0.863015  -0.196705   0.018092   0.197572   0.255205   0.038222  -0.015122   0.004449   0.003293  -0.197003   0.013652
   5.480334   0.679651   0.181749  -0.900000  -0.619589  -0.661672  -0.512254   3.073321  -0.862912  -0.189097   0.017576   0.189947   0.255384   0.035974  -0.015631   0.004486   0.003320  -0.189404   0.013100
   5.497787   0.686134   0.174545  -0.900000  -0.625259  -0.667463  -0.502226   3.072019  -0.862807  -0.181601   0.017059   0.182433   0.255564   0.033810  -0.016156   0.004522   0.003347  -0.181916   0.012547
   5.515240   0.692518   0.167452  -0.900000  -0.630821  -0.673147  -0.492243   3.070763  -0.862702  -0.174220   0.016540   0.175033   0.255746   0.031726  -0.016699   0.004558   0.003373  -0.174543   0.011993
   5.532694   0.698800   0.160472  -0.900000  -0.636277  -0.678725  -0.482175   3.069422  -0.862596  -0.166956   0.016020   0.167751   0.255929   0.029724  -0.017262   0.004593   0.003399  -0.167287   0.011438
   5.550147   0.704978   0.153608  -0.900000  -0.641627  -0.684199  -0.472153   3.068125  -0.862489  -0.159813   0.015499   0.160589   0.256113   0.027801  -0.017845   0.004628   0.003425  -0.160153   0.010883
   5.567600   0.711049   0.146862  -0.900000  -0.646873  -0.689570  -0.462044   3.066743  -0.862381  -0.152793   0.014977   0.153549   0.256299   0.025958  -0.018450   0.004662   0.003450  -0.153142   0.010328
   5.585054   0.717011   0.140238  -0.900000  -0.652016  -0.694839  -0.451979   3.065406  -0.862273  -0.145899   0.014455   0.146636   0.256485   0.024192  -0.019079   0.004695   0.003474  -0.146256   0.009774
   5.602507   0.722861   0.133738  -0.900000  -0.657056  -0.700006  -0.441828   3.063981  -0.862164  -0.139134   0.013934   0.139851   0.256673   0.022503  -0.019732   0.004728   0.003499  -0.139501   0.009220
   5.619960   0.728598   0.127363  -0.900000  -0.661996  -0.705072  -0.431721   3.062601  -0.862055  -0.132500   0.013414   0.133197   0.256862   0.020889  -0.020413   0.004760   0.003522  -0.132876   0.008668
   5.637413   0.734218   0.121119  -0.900000  -0.666836  -0.710040  -0.421526   3.061132  -0.861944  -0.126001   0.012895   0.126677   0.257052   0.019350  -0.021122   0.004792   0.003545  -0.126386   0.008118
   5.654867   0.739720   0.115006  -0.900000  -0.671576  -0.714909  -0.411375   3.059708  -0.861834  -0.119639   0.012377   0.120293   0.257243   0.017885  -0.021863   0.004823   0.003568  -0.120033   0.007571
   5.672320   0.745101   0.109026  -0.900000  -0.676219  -0.719680  -0.401134   3.058194  -0.861723  -0.113416   0.011862   0.114049   0.257434   0.016491  -0.022637   0.004853   0.003590  -0.113820   0.007026
   5.689773   0.750359   0.103185  -0.900000  -0.680764  -0.724355  -0.390937   3.056723  -0.861611  -0.107335   0.011349   0.107946   0.257627   0.015168  -0.023449   0.004883   0.003612  -0.107749   0.006484
   5.707227   0.755493   0.097479  -0.900000  -0.685212  -0.728933  -0.380649   3.055162  -0.861499  -0.101398   0.010839   0.101988   0.257820   0.013914  -0.024300   0.004912   0.003634  -0.101822   0.005946
   5.724680   0.760499   0.091918  -0.900000  -0.689566  -0.733417  -0.370403   3.053643  -0.861386  -0.095609   0.010333   0.096176   0.258014   0.012728  -0.025195   0.004940   0.003654  -0.096042   0.005412
   5.742133   0.765377   0.086498  -0.900000  -0.693824  -0.737807  -0.360066   3.052032  -0.861273  -0.089968   0.009831   0.090514   0.258208   0.011609  -0.026137   0.004968   0.003675  -0.090413   0.004884
   5.759587   0.770123   0.081226  -0.900000  -0.697989  -0.742103  -0.349770   3.050463  -0.861160  -0.084480   0.009334   0.085003   0.258403   0.010554  -0.027132   0.004995   0.003694  -0.084934   0.004360
   5.777040   0.774736   0.076099  -0.900000  -0.702060  -0.746306  -0.339381   3.048800  -0.861047  -0.079145   0.008842   0.079646   0.258599   0.009563  -0.028184   0.005021   0.003714  -0.079611   0.003843
   5.794493   0.779214   0.071125  -0.900000  -0.706039  -0.750418  -0.329032   3.047178  -0.860933  -0.073967   0.008356   0.074445   0.258795   0.008633  -0.029301   0.005046   0.003732  -0.074443   0.003332
   5.811946   0.783554   0.066300  -0.900000  -0.709927  -0.754438  -0.318588   3.045461  -0.860819  -0.068948   0.007876   0.069402   0.258991   0.007764  -0.030488   0.005071   0.003751  -0.069435   0.002828
   5.829400   0.787757   0.061634  -0.900000  -0.713724  -0.758367  -0.308184   3.043784  -0.860705  -0.064089   0.007404   0.064521   0.259188   0.006953  -0.031753   0.005096   0.003768  -0.064587   0.002333
   5.846853   0.791818   0.057117  -0.900000  -0.717430  -0.762206  -0.297683   3.042008  -0.860590  -0.059393   0.006939   0.059802   0.259385   0.006199  -0.033107   0.005119   0.003785  -0.059902   0.001845
   5.864306   0.795737   0.052768  -0.900000  -0.721047  -0.765956  -0.287220   3.040273  -0.860476  -0.054862   0.006482   0.055248   0.259582   0.005500  -0.034559   0.005142   0.003802  -0.055382   0.001367
   5.881760   0.799512   0.048568  -0.900000  -0.724575  -0.769617  -0.276657   3.038436  -0.860361  -0.050498   0.006035   0.050861   0.259779   0.004854  -0.036124   0.005164   0.003818  -0.051030   0.000898
   5.899213   0.803140   0.044541  -0.900000  -0.728014  -0.773190  -0.266133   3.036638  -0.860246  -0.046303   0.005596   0.046643   0.259976   0.004260  -0.037815   0.005185   0.003833  -0.046846   0.000440
   5.916666   0.806622   0.040673  -0.900000  -0.731366  -0.776676  -0.255505   3.034738  -0.860132  -0.042278   0.005169   0.042595   0.260174   0.003715  -0.039651   0.005206   0.003848  -0.042833  -0.000008
   5.934119   0.809954   0.036966  -0.900000  -0.734631  -0.780074  -0.244914   3.032873  -0.860017  -0.038426   0.004752   0.038721   0.260371   0.003217  -0.041653   0.005226   0.003863  -0.038993  -0.000443
   5.951573   0.813135   0.033441  -0.900000  -0.737809  -0.783385  -0.234218   3.030903  -0.859902  -0.034749   0.004347   0.035022   0.260568   0.002765  -0.043847   0.005245   0.003876  -0.035328  -0.000866
   5.969026   0.816164   0.030068  -0.900000  -0.740902  -0.786611  -0.223556   3.028969  -0.859787  -0.031248   0.003954   0.031499   0.260766   0.002357  -0.046266   0.005264   0.003890  -0.031840  -0.001276
   5.986479   0.819040   0.026878  -0.900000  -0.743908  -0.789751  -0.212786   3.026925  -0.859673  -0.027925   0.003575   0.028154   0.260962   0.001990  -0.048947   0.005282   0.003902  -0.028529  -0.001672
   6.003933   0.821760   0.023888  -0.900000  -0.746830  -0.792806  -0.202048   3.024914  -0.859559  -0.024781   0.003210   0.024989   0.261159   0.001663  -0.051940   0.005299   0.003914  -0.025398  -0.002053
   6.021386   0.824324   0.021029  -0.900000  -0.749668  -0.795776  -0.191198   3.022790  -0.859444  -0.021819   0.002860   0.022006   0.261355   0.001373  -0.055308   0.005315   0.003926  -0.022449  -0.002418
   6.038839   0.826731   0.018276  -0.900000  -0.752421  -0.798662  -0.180379   3.020698  -0.859330  -0.019039   0.002525   0.019206   0.261551   0.001119  -0.059127   0.005331   0.003936  -0.019682  -0.002767
   6.056293   0.828978   0.015743  -0.900000  -0.755091  -0.801465  -0.169442   3.018488  -0.859217  -0.016443   0.002207   0.016591   0.261747   0.000898  -0.063502   0.005346   0.003947  -0.017100  -0.003099
   6.073746   0.831065   0.013433  -0.900000  -0.757678  -0.804184  -0.158534   3.016306  -0.859103  -0.014033   0.001906   0.014162   0.261942   0.000707  -0.068569   0.005360   0.003956  -0.014703  -0.003413
   6.091199   0.832990   0.011333  -0.900000  -0.760182  -0.806820  -0.147503   3.014002  -0.858990  -0.011810   0.001623   0.011921   0.262136   0.000546  -0.074511   0.005374   0.003965  -0.012494  -0.003707
   6.108652   0.834753   0.009434  -0.900000  -0.762604  -0.809373  -0.136497   3.011723  -0.858877  -0.009774   0.001360   0.009869   0.262330   0.000411  -0.081587   0.005388   0.003974  -0.010472  -0.003982
   6.126106   0.836352   0.007742  -0.900000  -0.764945  -0.811844  -0.125364   3.009316  -0.858765  -0.007928   0.001117   0.008007   0.262523   0.000300  -0.090159   0.005401   0.003981  -0.008641  -0.004237
   6.143559   0.837786   0.006249  -0.900000  -0.767203  -0.814233  -0.114249   3.006927  -0.858653  -0.006273   0.000894   0.006336   0.262715   0.000211  -0.100769   0.005414   0.003988  -0.007000  -0.004470
   6.161012   0.839055   0.004943  -0.900000  -0.769381  -0.816541  -0.103000   3.004406  -0.858541  -0.004809   0.000694   0.004859   0.262907   0.000142  -0.114245   0.005427   0.003995  -0.005551  -0.004681
   6.178466   0.840157   0.003813  -0.900000  -0.771478  -0.818767  -0.091763   3.001895  -0.858430  -0.003537   0.000517   0.003575   0.263097   0.000090  -0.131921   0.005440   0.004001  -0.004295  -0.004870
   6.195919   0.841092   0.002845  -0.900000  -0.773495  -0.820913  -0.080384   2.999242  -0.858320  -0.002459   0.000364   0.002486   0.263287   0.000052  -0.156078   0.005455   0.004006  -0.003233  -0.005035
   6.213372   0.841858   0.002026  -0.900000  -0.775431  -0.822977  -0.069004   2.996590  -0.858210  -0.001576   0.000236   0.001593   0.263476   0.000027  -0.190892   0.005472   0.004011  -0.002366  -0.005178
   6.230825   0.842455   0.001345  -0.900000  -0.777288  -0.824961  -0.057473   2.993785  -0.858101  -0.000887   0.000135   0.000897   0.263663   0.000011  -0.244543   0.005495   0.004014  -0.001696  -0.005300
   6.248279   0.842882   0.000789  -0.900000  -0.779065  -0.826866  -0.045920   2.990958  -0.857992  -0.000395   0.000061   0.000399   0.263850   0.000003  -0.332740   0.005529   0.004018  -0.001224  -0.005406
   6.265732   0.843139   0.000344  -0.900000  -0.780763  -0.828690  -0.034198   2.987964  -0.857884  -0.000099   0.000016   0.000100   0.264036   0.000000  -0.696146   0.005667   0.004020  -0.000966  -0.005585
   6.283185   0.843225   0.000000  -0.900000  -0.782383  -0.830434  -0.022374   2.984867  -0.857776   0.000000   0.000000   0.000000   0.264220   0.000000  -2.077333   0.006251   0.004022  -0.000976  -0.006175
